(-25.00,-6.00,-1.20)(-25.00,-5.00,-1.17)(-25.00,-4.00,-1.17)(-25.00,-3.00,-1.20)(-25.00,-2.00,-0.83)(-25.00,-1.00,-0.78)(-25.00,0.00,-0.77)(-25.00,1.00,-0.30)(-25.00,2.00,-0.30)(-25.00,3.00,-0.30)(-25.00,4.00,-0.13)(-25.00,5.00,-0.06)(-25.00,6.00,0.00)

(-24.00,-6.00,-1.20)(-24.00,-5.00,-1.09)(-24.00,-4.00,-1.09)(-24.00,-3.00,-1.06)(-24.00,-2.00,-0.83)(-24.00,-1.00,-0.78)(-24.00,0.00,-0.74)(-24.00,1.00,-0.30)(-24.00,2.00,-0.23)(-24.00,3.00,-0.24)(-24.00,4.00,-0.10)(-24.00,5.00,-0.04)(-24.00,6.00,0.01)

(-23.00,-6.00,-1.19)(-23.00,-5.00,-1.05)(-23.00,-4.00,-1.05)(-23.00,-3.00,-1.05)(-23.00,-2.00,-0.83)(-23.00,-1.00,-0.78)(-23.00,0.00,-0.73)(-23.00,1.00,-0.30)(-23.00,2.00,-0.19)(-23.00,3.00,-0.20)(-23.00,4.00,-0.08)(-23.00,5.00,-0.03)(-23.00,6.00,0.03)

(-22.00,-6.00,-1.19)(-22.00,-5.00,-1.02)(-22.00,-4.00,-1.02)(-22.00,-3.00,-1.03)(-22.00,-2.00,-0.83)(-22.00,-1.00,-0.78)(-22.00,0.00,-0.72)(-22.00,1.00,-0.30)(-22.00,2.00,-0.16)(-22.00,3.00,-0.17)(-22.00,4.00,-0.06)(-22.00,5.00,-0.01)(-22.00,6.00,0.04)

(-21.00,-6.00,-1.18)(-21.00,-5.00,-0.99)(-21.00,-4.00,-0.99)(-21.00,-3.00,-0.99)(-21.00,-2.00,-0.83)(-21.00,-1.00,-0.78)(-21.00,0.00,-0.71)(-21.00,1.00,-0.30)(-21.00,2.00,-0.14)(-21.00,3.00,-0.14)(-21.00,4.00,-0.04)(-21.00,5.00,-0.00)(-21.00,6.00,0.06)

(-20.00,-6.00,-1.17)(-20.00,-5.00,-0.97)(-20.00,-4.00,-0.96)(-20.00,-3.00,-0.96)(-20.00,-2.00,-0.84)(-20.00,-1.00,-0.78)(-20.00,0.00,-0.70)(-20.00,1.00,-0.30)(-20.00,2.00,-0.13)(-20.00,3.00,-0.12)(-20.00,4.00,-0.03)(-20.00,5.00,0.01)(-20.00,6.00,0.07)

(-19.00,-6.00,-1.16)(-19.00,-5.00,-0.95)(-19.00,-4.00,-0.92)(-19.00,-3.00,-0.92)(-19.00,-2.00,-0.85)(-19.00,-1.00,-0.79)(-19.00,0.00,-0.69)(-19.00,1.00,-0.30)(-19.00,2.00,-0.12)(-19.00,3.00,-0.10)(-19.00,4.00,-0.02)(-19.00,5.00,0.02)(-19.00,6.00,0.09)

(-18.00,-6.00,-1.16)(-18.00,-5.00,-0.95)(-18.00,-4.00,-0.88)(-18.00,-3.00,-0.88)(-18.00,-2.00,-0.85)(-18.00,-1.00,-0.79)(-18.00,0.00,-0.67)(-18.00,1.00,-0.30)(-18.00,2.00,-0.12)(-18.00,3.00,-0.09)(-18.00,4.00,-0.02)(-18.00,5.00,0.02)(-18.00,6.00,0.10)

(-17.00,-6.00,-1.17)(-17.00,-5.00,-0.97)(-17.00,-4.00,-0.85)(-17.00,-3.00,-0.85)(-17.00,-2.00,-0.84)(-17.00,-1.00,-0.78)(-17.00,0.00,-0.65)(-17.00,1.00,-0.30)(-17.00,2.00,-0.13)(-17.00,3.00,-0.07)(-17.00,4.00,-0.01)(-17.00,5.00,0.03)(-17.00,6.00,0.12)

(-16.00,-6.00,-1.18)(-16.00,-5.00,-0.98)(-16.00,-4.00,-0.83)(-16.00,-3.00,-0.83)(-16.00,-2.00,-0.83)(-16.00,-1.00,-0.78)(-16.00,0.00,-0.62)(-16.00,1.00,-0.30)(-16.00,2.00,-0.13)(-16.00,3.00,-0.06)(-16.00,4.00,0.00)(-16.00,5.00,0.04)(-16.00,6.00,0.14)

(-15.00,-6.00,-1.19)(-15.00,-5.00,-0.98)(-15.00,-4.00,-0.83)(-15.00,-3.00,-0.81)(-15.00,-2.00,-0.82)(-15.00,-1.00,-0.78)(-15.00,0.00,-0.58)(-15.00,1.00,-0.30)(-15.00,2.00,-0.13)(-15.00,3.00,-0.04)(-15.00,4.00,0.01)(-15.00,5.00,0.06)(-15.00,6.00,0.17)

(-14.00,-6.00,-1.19)(-14.00,-5.00,-0.98)(-14.00,-4.00,-0.83)(-14.00,-3.00,-0.82)(-14.00,-2.00,-0.81)(-14.00,-1.00,-0.78)(-14.00,0.00,-0.52)(-14.00,1.00,-0.30)(-14.00,2.00,-0.13)(-14.00,3.00,-0.03)(-14.00,4.00,0.03)(-14.00,5.00,0.08)(-14.00,6.00,0.20)

(-13.00,-6.00,-1.20)(-13.00,-5.00,-0.98)(-13.00,-4.00,-0.83)(-13.00,-3.00,-0.83)(-13.00,-2.00,-0.81)(-13.00,-1.00,-0.78)(-13.00,0.00,-0.45)(-13.00,1.00,-0.30)(-13.00,2.00,-0.13)(-13.00,3.00,-0.01)(-13.00,4.00,0.04)(-13.00,5.00,0.10)(-13.00,6.00,0.24)

(-12.00,-6.00,-1.20)(-12.00,-5.00,-0.98)(-12.00,-4.00,-0.83)(-12.00,-3.00,-0.77)(-12.00,-2.00,-0.78)(-12.00,-1.00,-0.78)(-12.00,0.00,-0.30)(-12.00,1.00,-0.30)(-12.00,2.00,-0.13)(-12.00,3.00,0.00)(-12.00,4.00,0.06)(-12.00,5.00,0.13)(-12.00,6.00,0.30)

(-11.00,-6.00,-1.19)(-11.00,-5.00,-0.98)(-11.00,-4.00,-0.83)(-11.00,-3.00,-0.77)(-11.00,-2.00,-0.75)(-11.00,-1.00,-0.75)(-11.00,0.00,-0.30)(-11.00,1.00,-0.20)(-11.00,2.00,-0.08)(-11.00,3.00,0.03)(-11.00,4.00,0.18)(-11.00,5.00,0.28)(-11.00,6.00,0.51)

(-10.00,-6.00,-1.18)(-10.00,-5.00,-0.98)(-10.00,-4.00,-0.83)(-10.00,-3.00,-0.78)(-10.00,-2.00,-0.72)(-10.00,-1.00,-0.72)(-10.00,0.00,-0.30)(-10.00,1.00,-0.14)(-10.00,2.00,-0.05)(-10.00,3.00,0.05)(-10.00,4.00,0.26)(-10.00,5.00,0.37)(-10.00,6.00,0.61)

(-9.00,-6.00,-1.16)(-9.00,-5.00,-0.96)(-9.00,-4.00,-0.84)(-9.00,-3.00,-0.79)(-9.00,-2.00,-0.70)(-9.00,-1.00,-0.70)(-9.00,0.00,-0.30)(-9.00,1.00,-0.11)(-9.00,2.00,-0.03)(-9.00,3.00,0.08)(-9.00,4.00,0.30)(-9.00,5.00,0.42)(-9.00,6.00,0.66)

(-8.00,-6.00,-1.16)(-8.00,-5.00,-0.96)(-8.00,-4.00,-0.84)(-8.00,-3.00,-0.79)(-8.00,-2.00,-0.66)(-8.00,-1.00,-0.66)(-8.00,0.00,-0.30)(-8.00,1.00,-0.08)(-8.00,2.00,-0.01)(-8.00,3.00,0.11)(-8.00,4.00,0.35)(-8.00,5.00,0.45)(-8.00,6.00,0.70)

(-7.00,-6.00,-1.18)(-7.00,-5.00,-0.98)(-7.00,-4.00,-0.83)(-7.00,-3.00,-0.78)(-7.00,-2.00,-0.63)(-7.00,-1.00,-0.61)(-7.00,0.00,-0.30)(-7.00,1.00,-0.05)(-7.00,2.00,0.01)(-7.00,3.00,0.15)(-7.00,4.00,0.41)(-7.00,5.00,0.50)(-7.00,6.00,0.73)

(-6.00,-6.00,-1.19)(-6.00,-5.00,-0.98)(-6.00,-4.00,-0.83)(-6.00,-3.00,-0.77)(-6.00,-2.00,-0.63)(-6.00,-1.00,-0.53)(-6.00,0.00,-0.30)(-6.00,1.00,-0.03)(-6.00,2.00,0.03)(-6.00,3.00,0.20)(-6.00,4.00,0.50)(-6.00,5.00,0.59)(-6.00,6.00,0.76)

(-5.00,-6.00,-1.20)(-5.00,-5.00,-0.98)(-5.00,-4.00,-0.83)(-5.00,-3.00,-0.77)(-5.00,-2.00,-0.63)(-5.00,-1.00,-0.30)(-5.00,0.00,-0.30)(-5.00,1.00,0.00)(-5.00,2.00,0.06)(-5.00,3.00,0.30)(-5.00,4.00,0.63)(-5.00,5.00,0.72)(-5.00,6.00,0.80)

(-4.00,-6.00,-1.17)(-4.00,-5.00,-0.98)(-4.00,-4.00,-0.83)(-4.00,-3.00,-0.78)(-4.00,-2.00,-0.63)(-4.00,-1.00,-0.30)(-4.00,0.00,-0.30)(-4.00,1.00,0.00)(-4.00,2.00,0.06)(-4.00,3.00,0.30)(-4.00,4.00,0.63)(-4.00,5.00,0.72)(-4.00,6.00,0.82)

(-3.00,-6.00,-1.12)(-3.00,-5.00,-0.94)(-3.00,-4.00,-0.94)(-3.00,-3.00,-0.81)(-3.00,-2.00,-0.65)(-3.00,-1.00,-0.30)(-3.00,0.00,-0.30)(-3.00,1.00,0.00)(-3.00,2.00,0.10)(-3.00,3.00,0.30)(-3.00,4.00,0.67)(-3.00,5.00,0.67)(-3.00,6.00,0.85)

(-2.00,-6.00,-0.81)(-2.00,-5.00,-0.65)(-2.00,-4.00,-0.65)(-2.00,-3.00,-0.30)(-2.00,-2.00,-0.30)(-2.00,-1.00,-0.30)(-2.00,0.00,0.00)(-2.00,1.00,0.30)(-2.00,2.00,0.30)(-2.00,3.00,0.30)(-2.00,4.00,0.67)(-2.00,5.00,0.67)(-2.00,6.00,0.85)

(-1.00,-6.00,-0.78)(-1.00,-5.00,-0.71)(-1.00,-4.00,-0.63)(-1.00,-3.00,-0.30)(-1.00,-2.00,-0.30)(-1.00,-1.00,-0.30)(-1.00,0.00,0.00)(-1.00,1.00,0.30)(-1.00,2.00,0.30)(-1.00,3.00,0.30)(-1.00,4.00,0.63)(-1.00,5.00,0.72)(-1.00,6.00,0.82)

(0.00,-6.00,-0.77)(0.00,-5.00,-0.71)(0.00,-4.00,-0.63)(0.00,-3.00,-0.30)(0.00,-2.00,-0.30)(0.00,-1.00,-0.30)(0.00,0.00,0.00)(0.00,1.00,0.30)(0.00,2.00,0.30)(0.00,3.00,0.30)(0.00,4.00,0.63)(0.00,5.00,0.72)(0.00,6.00,0.80)

(1.00,-6.00,-0.78)(1.00,-5.00,-0.71)(1.00,-4.00,-0.63)(1.00,-3.00,-0.30)(1.00,-2.00,-0.30)(1.00,-1.00,-0.30)(1.00,0.00,0.00)(1.00,1.00,0.30)(1.00,2.00,0.30)(1.00,3.00,0.30)(1.00,4.00,0.63)(1.00,5.00,0.72)(1.00,6.00,0.82)

(2.00,-6.00,-0.81)(2.00,-5.00,-0.65)(2.00,-4.00,-0.65)(2.00,-3.00,-0.30)(2.00,-2.00,-0.30)(2.00,-1.00,-0.30)(2.00,0.00,0.00)(2.00,1.00,0.30)(2.00,2.00,0.30)(2.00,3.00,0.30)(2.00,4.00,0.67)(2.00,5.00,0.67)(2.00,6.00,0.85)

(3.00,-6.00,-0.77)(3.00,-5.00,-0.55)(3.00,-4.00,-0.55)(3.00,-3.00,-0.19)(3.00,-2.00,-0.06)(3.00,-1.00,0.04)(3.00,0.00,0.30)(3.00,1.00,0.55)(3.00,2.00,0.67)(3.00,3.00,0.85)(3.00,4.00,0.97)(3.00,5.00,0.97)(3.00,6.00,1.12)

(4.00,-6.00,-0.73)(4.00,-5.00,-0.54)(4.00,-4.00,-0.46)(4.00,-3.00,-0.17)(4.00,-2.00,-0.02)(4.00,-1.00,0.04)(4.00,0.00,0.30)(4.00,1.00,0.57)(4.00,2.00,0.63)(4.00,3.00,0.82)(4.00,4.00,0.87)(4.00,5.00,1.02)(4.00,6.00,1.17)

(5.00,-6.00,-0.70)(5.00,-5.00,-0.49)(5.00,-4.00,-0.40)(5.00,-3.00,-0.15)(5.00,-2.00,-0.00)(5.00,-1.00,0.06)(5.00,0.00,0.30)(5.00,1.00,0.62)(5.00,2.00,0.63)(5.00,3.00,0.80)(5.00,4.00,0.87)(5.00,5.00,1.02)(5.00,6.00,1.41)

(6.00,-6.00,-0.70)(6.00,-5.00,-0.47)(6.00,-4.00,-0.36)(6.00,-3.00,-0.13)(6.00,-2.00,0.01)(6.00,-1.00,0.07)(6.00,0.00,0.30)(6.00,1.00,0.64)(6.00,2.00,0.64)(6.00,3.00,0.80)(6.00,4.00,0.87)(6.00,5.00,1.02)(6.00,6.00,1.19)

(7.00,-6.00,-0.68)(7.00,-5.00,-0.46)(7.00,-4.00,-0.32)(7.00,-3.00,-0.11)(7.00,-2.00,0.02)(7.00,-1.00,0.08)(7.00,0.00,0.30)(7.00,1.00,0.66)(7.00,2.00,0.66)(7.00,3.00,0.81)(7.00,4.00,0.87)(7.00,5.00,1.02)(7.00,6.00,1.18)

(8.00,-6.00,-0.67)(8.00,-5.00,-0.45)(8.00,-4.00,-0.30)(8.00,-3.00,-0.09)(8.00,-2.00,0.03)(8.00,-1.00,0.09)(8.00,0.00,0.30)(8.00,1.00,0.67)(8.00,2.00,0.67)(8.00,3.00,0.82)(8.00,4.00,0.88)(8.00,5.00,1.00)(8.00,6.00,1.17)

(9.00,-6.00,-0.64)(9.00,-5.00,-0.42)(9.00,-4.00,-0.28)(9.00,-3.00,-0.07)(9.00,-2.00,0.03)(9.00,-1.00,0.12)(9.00,0.00,0.30)(9.00,1.00,0.70)(9.00,2.00,0.70)(9.00,3.00,0.81)(9.00,4.00,0.87)(9.00,5.00,1.02)(9.00,6.00,1.18)

(10.00,-6.00,-0.60)(10.00,-5.00,-0.37)(10.00,-4.00,-0.26)(10.00,-3.00,-0.05)(10.00,-2.00,0.05)(10.00,-1.00,0.14)(10.00,0.00,0.30)(10.00,1.00,0.73)(10.00,2.00,0.73)(10.00,3.00,0.81)(10.00,4.00,0.87)(10.00,5.00,1.02)(10.00,6.00,1.19)

(11.00,-6.00,-0.51)(11.00,-5.00,-0.28)(11.00,-4.00,-0.18)(11.00,-3.00,-0.02)(11.00,-2.00,0.08)(11.00,-1.00,0.20)(11.00,0.00,0.30)(11.00,1.00,0.77)(11.00,2.00,0.77)(11.00,3.00,0.80)(11.00,4.00,0.87)(11.00,5.00,1.02)(11.00,6.00,1.20)

(12.00,-6.00,-0.30)(12.00,-5.00,-0.13)(12.00,-4.00,-0.06)(12.00,-3.00,0.00)(12.00,-2.00,0.13)(12.00,-1.00,0.30)(12.00,0.00,0.30)(12.00,1.00,0.82)(12.00,2.00,0.82)(12.00,3.00,0.80)(12.00,4.00,0.87)(12.00,5.00,1.02)(12.00,6.00,1.41)

(13.00,-6.00,-0.24)(13.00,-5.00,-0.10)(13.00,-4.00,-0.04)(13.00,-3.00,0.01)(13.00,-2.00,0.13)(13.00,-1.00,0.30)(13.00,0.00,0.45)(13.00,1.00,0.82)(13.00,2.00,0.85)(13.00,3.00,0.87)(13.00,4.00,0.87)(13.00,5.00,1.02)(13.00,6.00,1.20)

(14.00,-6.00,-0.20)(14.00,-5.00,-0.08)(14.00,-4.00,-0.03)(14.00,-3.00,0.03)(14.00,-2.00,0.13)(14.00,-1.00,0.30)(14.00,0.00,0.52)(14.00,1.00,0.82)(14.00,2.00,0.85)(14.00,3.00,0.85)(14.00,4.00,0.87)(14.00,5.00,1.02)(14.00,6.00,1.19)

(15.00,-6.00,-0.17)(15.00,-5.00,-0.06)(15.00,-4.00,-0.01)(15.00,-3.00,0.04)(15.00,-2.00,0.13)(15.00,-1.00,0.30)(15.00,0.00,0.58)(15.00,1.00,0.82)(15.00,2.00,0.85)(15.00,3.00,0.85)(15.00,4.00,0.87)(15.00,5.00,1.02)(15.00,6.00,1.19)

(16.00,-6.00,-0.14)(16.00,-5.00,-0.04)(16.00,-4.00,-0.00)(16.00,-3.00,0.06)(16.00,-2.00,0.13)(16.00,-1.00,0.30)(16.00,0.00,0.62)(16.00,1.00,0.82)(16.00,2.00,0.87)(16.00,3.00,0.86)(16.00,4.00,0.87)(16.00,5.00,1.02)(16.00,6.00,1.18)

(17.00,-6.00,-0.12)(17.00,-5.00,-0.03)(17.00,-4.00,0.01)(17.00,-3.00,0.07)(17.00,-2.00,0.13)(17.00,-1.00,0.30)(17.00,0.00,0.65)(17.00,1.00,0.82)(17.00,2.00,0.88)(17.00,3.00,0.89)(17.00,4.00,0.89)(17.00,5.00,1.01)(17.00,6.00,1.17)

(18.00,-6.00,-0.10)(18.00,-5.00,-0.02)(18.00,-4.00,0.02)(18.00,-3.00,0.09)(18.00,-2.00,0.12)(18.00,-1.00,0.30)(18.00,0.00,0.67)(18.00,1.00,0.83)(18.00,2.00,0.88)(18.00,3.00,0.92)(18.00,4.00,0.92)(18.00,5.00,0.99)(18.00,6.00,1.16)

(19.00,-6.00,-0.09)(19.00,-5.00,-0.02)(19.00,-4.00,0.02)(19.00,-3.00,0.10)(19.00,-2.00,0.12)(19.00,-1.00,0.30)(19.00,0.00,0.69)(19.00,1.00,0.83)(19.00,2.00,0.88)(19.00,3.00,0.96)(19.00,4.00,0.96)(19.00,5.00,0.99)(19.00,6.00,1.16)

(20.00,-6.00,-0.07)(20.00,-5.00,-0.01)(20.00,-4.00,0.03)(20.00,-3.00,0.12)(20.00,-2.00,0.13)(20.00,-1.00,0.30)(20.00,0.00,0.71)(20.00,1.00,0.82)(20.00,2.00,0.88)(20.00,3.00,0.99)(20.00,4.00,0.99)(20.00,5.00,1.01)(20.00,6.00,1.17)

(21.00,-6.00,-0.06)(21.00,-5.00,0.00)(21.00,-4.00,0.04)(21.00,-3.00,0.14)(21.00,-2.00,0.14)(21.00,-1.00,0.30)(21.00,0.00,0.72)(21.00,1.00,0.82)(21.00,2.00,0.87)(21.00,3.00,1.03)(21.00,4.00,1.02)(21.00,5.00,1.02)(21.00,6.00,1.18)

(22.00,-6.00,-0.04)(22.00,-5.00,0.01)(22.00,-4.00,0.06)(22.00,-3.00,0.17)(22.00,-2.00,0.16)(22.00,-1.00,0.30)(22.00,0.00,0.74)(22.00,1.00,0.82)(22.00,2.00,0.87)(22.00,3.00,1.06)(22.00,4.00,1.05)(22.00,5.00,1.05)(22.00,6.00,1.19)

(23.00,-6.00,-0.03)(23.00,-5.00,0.03)(23.00,-4.00,0.08)(23.00,-3.00,0.20)(23.00,-2.00,0.19)(23.00,-1.00,0.30)(23.00,0.00,0.75)(23.00,1.00,0.82)(23.00,2.00,0.87)(23.00,3.00,1.07)(23.00,4.00,1.08)(23.00,5.00,1.08)(23.00,6.00,1.19)

(24.00,-6.00,-0.01)(24.00,-5.00,0.04)(24.00,-4.00,0.10)(24.00,-3.00,0.24)(24.00,-2.00,0.23)(24.00,-1.00,0.30)(24.00,0.00,0.77)(24.00,1.00,0.82)(24.00,2.00,0.87)(24.00,3.00,1.07)(24.00,4.00,1.10)(24.00,5.00,1.10)(24.00,6.00,1.20)

(25.00,-6.00,0.00)(25.00,-5.00,0.06)(25.00,-4.00,0.13)(25.00,-3.00,0.30)(25.00,-2.00,0.30)(25.00,-1.00,0.30)(25.00,0.00,0.80)(25.00,1.00,0.82)(25.00,2.00,0.87)(25.00,3.00,1.41)(25.00,4.00,1.17)(25.00,5.00,1.17)(25.00,6.00,1.41)
