-12.98,-0.69,-0.21,0.21,0.00,0.21,0.00,0.21,0.00,0.21,0.00,142
-13.59,-0.75,-0.22,0.22,0.00,0.22,0.00,0.42,0.00,0.42,0.00,141
-13.29,0.15,-0.13,0.13,0.00,0.13,0.00,0.55,0.00,0.55,0.00,141
-10.10,1.33,-0.03,0.03,0.00,0.03,0.00,0.58,0.00,0.58,0.00,141
-6.39,1.92,0.01,0.00,0.01,0.00,0.01,0.58,0.01,0.58,0.01,141
-2.39,0.43,0.00,0.00,0.00,0.00,0.00,0.58,0.01,0.58,0.01,141
3.32,1.90,0.16,0.00,0.16,0.00,0.16,0.58,0.17,0.58,0.17,141
3.00,-0.53,-0.00,0.00,0.00,0.00,0.00,0.58,0.17,0.58,0.17,141
4.22,-1.17,0.00,0.00,0.00,0.00,0.00,0.58,0.17,0.58,0.17,141
6.47,1.22,0.17,0.00,0.17,0.00,0.17,0.58,0.35,0.58,0.35,141
1.76,-3.62,-0.17,0.17,0.00,0.17,0.00,0.75,0.35,0.75,0.35,143
-0.73,-2.22,-0.08,0.08,0.00,0.08,0.00,0.83,0.35,0.83,0.35,143
-4.05,-0.61,-0.02,0.02,0.00,0.02,0.00,0.85,0.35,0.85,0.35,140
-3.02,1.12,0.07,0.00,0.07,0.00,0.07,0.85,0.42,0.85,0.42,141
1.58,3.19,0.15,0.00,0.15,0.00,0.15,0.85,0.57,0.85,0.57,141
3.38,0.88,0.16,0.00,0.16,0.00,0.16,0.85,0.73,0.85,0.73,145
7.73,2.90,0.23,0.00,0.23,0.00,0.23,0.85,0.95,0.85,0.95,141
7.22,-0.05,0.08,0.00,0.08,0.00,0.08,0.85,1.03,0.85,1.03,140
4.03,-0.29,0.04,0.00,0.04,0.00,0.04,0.85,1.07,0.85,1.07,145
-0.15,-2.40,-0.08,0.08,0.00,0.08,0.00,0.93,1.07,0.93,1.07,146
-2.51,-1.94,-0.08,0.08,0.00,0.08,0.00,0.01,0.07,0.01,0.07,142
-2.59,-0.72,-0.04,0.04,0.00,0.04,0.00,0.05,0.07,0.05,0.07,145
1.04,-0.20,0.00,0.00,0.00,0.00,0.00,0.05,0.07,0.05,0.07,142
3.28,1.52,0.15,0.00,0.15,0.00,0.15,0.05,0.22,0.05,0.22,143
4.69,1.42,0.16,0.00,0.16,0.00,0.16,0.05,0.38,0.05,0.38,145
3.73,-0.06,0.03,0.00,0.03,0.00,0.03,0.05,0.41,0.05,0.41,142
2.57,-1.34,-0.06,0.06,0.00,0.06,0.00,0.11,0.41,0.11,0.41,144
2.49,0.24,0.00,0.00,0.00,0.00,0.00,0.11,0.41,0.11,0.41,144
-0.46,-0.78,-0.07,0.07,0.00,0.07,0.00,0.18,0.41,0.18,0.41,141
-1.71,1.02,0.08,0.00,0.08,0.00,0.08,0.18,0.49,0.18,0.49,142
-1.24,2.63,0.10,0.00,0.10,0.00,0.10,0.18,0.59,0.18,0.59,144
-0.63,2.05,0.08,0.00,0.08,0.00,0.08,0.18,0.67,0.18,0.67,144
0.30,0.78,0.06,0.00,0.06,0.00,0.06,0.18,0.74,0.18,0.74,140
2.88,1.92,0.13,0.00,0.13,0.00,0.13,0.18,0.87,0.18,0.87,146
5.82,0.40,0.08,0.00,0.08,0.00,0.08,0.18,0.95,0.18,0.95,143
4.40,-0.98,0.00,0.00,0.00,0.00,0.00,0.18,0.96,0.18,0.96,143
3.65,-0.26,0.02,0.00,0.02,0.00,0.02,0.18,0.98,0.18,0.98,143
1.19,-1.97,-0.08,0.08,0.00,0.08,0.00,0.26,0.98,0.26,0.98,145
0.93,-0.29,0.00,0.00,0.00,0.00,0.00,0.26,0.98,0.26,0.98,148
-1.09,-1.39,-0.08,0.08,0.00,0.08,0.00,0.34,0.98,0.34,0.98,145
0.29,2.80,0.12,0.00,0.12,0.00,0.12,0.34,1.10,0.34,1.10,142
4.11,2.55,0.21,0.00,0.21,0.00,0.21,0.34,1.31,0.34,1.31,148
5.82,3.31,0.23,0.00,0.23,0.00,0.23,0.34,1.54,0.34,1.54,146
3.21,-0.74,-0.02,0.02,0.00,0.02,0.00,0.36,1.54,0.36,1.54,145
3.05,-0.94,-0.04,0.04,0.00,0.04,0.00,0.40,1.54,0.40,1.54,146
3.37,-1.13,-0.01,0.01,0.00,0.01,0.00,0.41,1.54,0.41,1.54,143
2.43,-0.07,0.00,0.00,0.00,0.00,0.00,0.41,1.54,0.41,1.54,143
1.20,0.72,0.04,0.00,0.04,0.00,0.04,0.41,1.58,0.41,1.58,143
1.39,0.89,0.08,0.00,0.08,0.00,0.08,0.41,1.66,0.41,1.66,145
3.20,-0.09,0.01,0.00,0.01,0.00,0.01,0.41,1.67,0.41,1.67,142
3.77,-0.62,0.00,0.00,0.00,0.00,0.00,0.41,1.67,0.41,1.67,147
3.71,-1.17,-0.00,0.00,0.00,0.00,0.00,0.41,1.67,0.41,1.67,143
1.19,-2.02,-0.08,0.08,0.00,0.08,0.00,0.49,1.67,0.49,1.67,152
1.60,-1.42,-0.08,0.08,0.00,0.08,0.00,0.57,1.67,0.57,1.67,142
-0.69,-1.52,-0.08,0.08,0.00,0.08,0.00,0.65,1.67,0.65,1.67,144
-1.56,0.15,0.00,0.00,0.00,0.00,0.00,0.65,1.67,0.65,1.67,140
-2.35,0.27,0.00,0.00,0.00,0.00,0.00,0.65,1.67,0.65,1.67,140
-2.45,0.06,0.00,0.00,0.00,0.00,0.00,0.65,1.67,0.65,1.67,142
0.77,0.64,0.02,0.00,0.02,0.00,0.02,0.65,1.69,0.65,1.69,146
2.99,1.48,0.14,0.00,0.14,0.00,0.14,0.65,1.83,0.65,1.83,148
4.40,-0.29,0.05,0.00,0.05,0.00,0.05,0.65,1.88,0.65,1.88,141
1.79,-1.75,-0.08,0.08,0.00,0.08,0.00,0.73,1.88,0.73,1.88,146
-0.69,-2.62,-0.10,0.10,0.00,0.10,0.00,0.84,1.88,0.84,1.88,144
-3.60,-3.45,-0.21,0.21,0.00,0.21,0.00,0.04,0.88,0.04,0.88,143
-4.29,-0.89,-0.08,0.08,0.00,0.08,0.00,0.12,0.88,0.12,0.88,142
-4.96,-1.26,-0.08,0.08,0.00,0.08,0.00,0.20,0.88,0.20,0.88,145
0.01,1.44,0.08,0.00,0.08,0.00,0.08,0.20,0.96,0.20,0.96,149
3.60,0.60,0.07,0.00,0.07,0.00,0.07,0.20,1.04,0.20,1.04,149
5.14,0.84,0.18,0.00,0.18,0.00,0.18,0.20,1.22,0.20,1.22,146
3.63,-0.63,-0.00,0.00,0.00,0.00,0.00,0.20,1.22,0.20,1.22,145
3.96,1.63,0.16,0.00,0.16,0.00,0.16,0.20,1.38,0.20,1.38,141
2.52,-0.03,0.00,0.00,0.00,0.00,0.00,0.20,1.38,0.20,1.38,140
1.55,-0.83,-0.08,0.08,0.00,0.08,0.00,0.28,1.38,0.28,1.38,140
1.68,0.80,0.08,0.00,0.08,0.00,0.08,0.28,1.46,0.28,1.46,141
3.03,1.25,0.14,0.00,0.14,0.00,0.14,0.28,1.60,0.28,1.60,145
3.41,-1.38,-0.01,0.01,0.00,0.01,0.00,0.29,1.60,0.29,1.60,149
5.69,0.24,0.08,0.00,0.08,0.00,0.08,0.29,1.68,0.29,1.68,147
3.54,-0.82,-0.01,0.01,0.00,0.01,0.00,0.30,1.68,0.30,1.68,147
0.95,-2.58,-0.10,0.10,0.00,0.10,0.00,0.40,1.68,0.40,1.68,151
-1.78,-2.60,-0.10,0.10,0.00,0.10,0.00,0.50,1.68,0.50,1.68,151
-2.14,-0.41,-0.00,0.00,0.00,0.00,0.00,0.50,1.68,0.50,1.68,145
-3.04,-2.54,-0.10,0.10,0.00,0.10,0.00,0.59,1.68,0.59,1.68,144
1.00,-0.46,-0.00,0.00,0.00,0.00,0.00,0.60,1.68,0.60,1.68,143
3.14,1.86,0.15,0.00,0.15,0.00,0.15,0.60,1.83,0.60,1.83,143
5.75,1.20,0.17,0.00,0.17,0.00,0.17,0.60,1.99,0.60,1.99,143
5.11,2.44,0.21,0.00,0.21,0.00,0.21,0.60,2.20,0.60,2.20,150
3.54,-2.44,-0.02,0.02,0.00,0.02,0.00,0.62,2.20,0.62,2.20,143
1.45,-0.52,-0.01,0.01,0.00,0.01,0.00,0.63,2.20,0.63,2.20,156
-4.74,-2.19,-0.19,0.19,0.00,0.19,0.00,0.82,2.20,0.82,2.20,141
-3.18,-0.43,-0.01,0.01,0.00,0.01,0.00,0.83,2.20,0.83,2.20,141
1.36,1.42,0.08,0.00,0.08,0.00,0.08,0.83,2.28,0.83,2.28,144
3.04,0.25,0.01,0.00,0.01,0.00,0.01,0.83,2.29,0.83,2.29,150
5.78,3.50,0.23,0.00,0.23,0.00,0.23,0.83,2.52,0.83,2.52,147
3.55,-0.90,-0.01,0.01,0.00,0.01,0.00,0.83,2.52,0.83,2.52,152
1.25,-2.52,-0.09,0.09,0.00,0.09,0.00,0.92,2.52,0.92,2.52,146
-1.46,-0.38,0.00,0.00,0.00,0.00,0.00,0.92,2.52,0.92,2.52,143
-3.84,-0.58,-0.02,0.02,0.00,0.02,0.00,0.94,2.52,0.94,2.52,144
-1.33,-1.50,-0.08,0.08,0.00,0.08,0.00,0.02,1.52,0.02,1.52,144
-0.32,-1.12,-0.08,0.08,0.00,0.08,0.00,0.10,1.52,0.10,1.52,145
2.71,-0.54,-0.00,0.00,0.00,0.00,0.00,0.11,1.52,0.11,1.52,144
3.17,-0.24,0.01,0.00,0.01,0.00,0.01,0.11,1.53,0.11,1.53,146
3.18,1.55,0.15,0.00,0.15,0.00,0.15,0.11,1.67,0.11,1.67,143
3.49,0.52,0.05,0.00,0.05,0.00,0.05,0.11,1.73,0.11,1.73,143
2.16,-0.03,0.00,0.00,0.00,0.00,0.00,0.11,1.73,0.11,1.73,143
1.10,-0.56,-0.01,0.01,0.00,0.01,0.00,0.12,1.73,0.12,1.73,143
2.15,0.07,0.00,0.00,0.00,0.00,0.00,0.12,1.73,0.12,1.73,141
2.92,-0.26,0.01,0.00,0.01,0.00,0.01,0.12,1.74,0.12,1.74,144
5.03,2.93,0.23,0.00,0.23,0.00,0.23,0.12,1.96,0.12,1.96,150
-0.99,-2.33,-0.08,0.08,0.00,0.08,0.00,0.20,1.96,0.20,1.96,142
0.24,0.68,0.03,0.00,0.03,0.00,0.03,0.20,2.00,0.20,2.00,145
0.87,-1.07,-0.08,0.08,0.00,0.08,0.00,0.28,2.00,0.28,2.00,141
-0.24,-1.30,-0.08,0.08,0.00,0.08,0.00,0.36,2.00,0.36,2.00,144
-1.00,-0.64,-0.02,0.02,0.00,0.02,0.00,0.38,2.00,0.38,2.00,146
0.44,1.38,0.08,0.00,0.08,0.00,0.08,0.38,2.08,0.38,2.08,142
3.45,3.91,0.23,0.00,0.23,0.00,0.23,0.38,2.31,0.38,2.31,147
4.83,1.72,0.16,0.00,0.16,0.00,0.16,0.38,2.47,0.38,2.47,148
2.93,0.96,0.14,0.00,0.14,0.00,0.14,0.38,2.61,0.38,2.61,151
4.28,1.46,0.16,0.00,0.16,0.00,0.16,0.38,2.76,0.38,2.76,146
0.46,-1.04,-0.08,0.08,0.00,0.08,0.00,0.46,2.76,0.46,2.76,152
-2.22,0.71,0.04,0.00,0.04,0.00,0.04,0.46,2.80,0.46,2.80,143
-1.80,-0.20,0.00,0.00,0.00,0.00,0.00,0.46,2.80,0.46,2.80,152
0.59,4.72,0.19,0.00,0.19,0.00,0.19,0.46,2.99,0.46,2.99,148
-0.94,-1.57,-0.08,0.08,0.00,0.08,0.00,0.54,2.99,0.54,2.99,146
2.81,2.58,0.10,0.00,0.10,0.00,0.10,0.54,3.09,0.54,3.09,147
1.28,-0.92,-0.08,0.08,0.00,0.08,0.00,0.62,3.09,0.62,3.09,142
-4.11,-3.52,-0.22,0.22,0.00,0.22,0.00,0.84,3.09,0.84,3.09,147
-1.23,0.25,0.00,0.00,0.00,0.00,0.00,0.84,3.09,0.84,3.09,147
-0.59,-1.17,-0.08,0.08,0.00,0.08,0.00,0.92,3.09,0.92,3.09,148
1.25,0.82,0.08,0.00,0.08,0.00,0.08,0.92,3.17,0.92,3.17,142
1.19,0.99,0.08,0.00,0.08,0.00,0.08,0.92,3.25,0.92,3.25,147
1.07,0.79,0.07,0.00,0.07,0.00,0.07,0.92,3.32,0.92,3.32,143
1.73,0.27,0.00,0.00,0.00,0.00,0.00,0.92,3.32,0.92,3.32,152
1.16,1.32,0.08,0.00,0.08,0.00,0.08,0.92,3.40,0.92,3.40,146
1.66,1.15,0.08,0.00,0.08,0.00,0.08,0.92,3.48,0.92,3.48,143
-1.32,-0.43,-0.00,0.00,0.00,0.00,0.00,0.92,3.48,0.92,3.48,145
-0.66,0.05,0.00,0.00,0.00,0.00,0.00,0.92,3.48,0.92,3.48,142
1.13,1.78,0.08,0.00,0.08,0.00,0.08,0.92,3.56,0.92,3.56,144
1.05,2.41,0.08,0.00,0.08,0.00,0.08,0.92,3.64,0.92,3.64,150
4.42,1.59,0.16,0.00,0.16,0.00,0.16,0.92,3.80,0.92,3.80,151
1.69,-3.59,-0.17,0.17,0.00,0.17,0.00,0.08,2.80,0.08,2.80,149
0.92,0.83,0.08,0.00,0.08,0.00,0.08,0.08,2.88,0.08,2.88,144
0.88,-1.15,-0.08,0.08,0.00,0.08,0.00,0.16,2.88,0.16,2.88,140
-1.04,-2.43,-0.08,0.08,0.00,0.08,0.00,0.24,2.88,0.24,2.88,141
-1.12,-1.74,-0.08,0.08,0.00,0.08,0.00,0.32,2.88,0.32,2.88,140
0.81,0.43,0.00,0.00,0.00,0.00,0.00,0.32,2.88,0.32,2.88,142
-0.33,-0.38,0.00,0.00,0.00,0.00,0.00,0.32,2.88,0.32,2.88,145
0.27,0.70,0.03,0.00,0.03,0.00,0.03,0.32,2.91,0.32,2.91,143
-2.06,-1.77,-0.08,0.08,0.00,0.08,0.00,0.40,2.91,0.40,2.91,145
-1.68,-2.50,-0.08,0.08,0.00,0.08,0.00,0.49,2.91,0.49,2.91,149
-1.89,-0.27,0.00,0.00,0.00,0.00,0.00,0.49,2.91,0.49,2.91,147
-2.05,-0.02,0.00,0.00,0.00,0.00,0.00,0.49,2.91,0.49,2.91,142
-1.33,0.89,0.08,0.00,0.08,0.00,0.08,0.49,2.99,0.49,2.99,145
-1.03,1.28,0.08,0.00,0.08,0.00,0.08,0.49,3.07,0.49,3.07,145
2.53,1.56,0.11,0.00,0.11,0.00,0.11,0.49,3.19,0.49,3.19,149
5.60,2.32,0.20,0.00,0.20,0.00,0.20,0.49,3.39,0.49,3.39,151
2.98,-0.63,-0.01,0.01,0.00,0.01,0.00,0.50,3.39,0.50,3.39,154
-1.88,-1.42,-0.08,0.08,0.00,0.08,0.00,0.58,3.39,0.58,3.39,144
-3.36,-2.95,-0.17,0.17,0.00,0.17,0.00,0.75,3.39,0.75,3.39,146
-2.10,1.29,0.08,0.00,0.08,0.00,0.08,0.75,3.47,0.75,3.47,154
-2.91,1.67,0.08,0.00,0.08,0.00,0.08,0.75,3.55,0.75,3.55,143
0.94,2.69,0.11,0.00,0.11,0.00,0.11,0.75,3.66,0.75,3.66,144
2.50,1.66,0.11,0.00,0.11,0.00,0.11,0.75,3.77,0.75,3.77,147
7.82,3.65,0.23,0.00,0.23,0.00,0.23,0.75,4.01,0.75,4.01,153
6.68,2.87,0.23,0.00,0.23,0.00,0.23,0.75,4.23,0.75,4.23,156
-0.56,-2.89,-0.13,0.13,0.00,0.13,0.00,0.88,4.23,0.88,4.23,150
-1.42,0.12,0.00,0.00,0.00,0.00,0.00,0.88,4.23,0.88,4.23,147
-3.32,2.36,0.04,0.00,0.04,0.00,0.04,0.88,4.27,0.88,4.27,148
0.13,0.50,0.01,0.00,0.01,0.00,0.01,0.88,4.27,0.88,4.27,156
-0.08,-3.18,-0.15,0.15,0.00,0.15,0.00,0.03,3.27,0.03,3.27,151
5.12,1.31,0.16,0.00,0.16,0.00,0.16,0.03,3.44,0.03,3.44,145
6.98,0.98,0.18,0.00,0.18,0.00,0.18,0.03,3.62,0.03,3.62,145
1.61,-2.93,-0.14,0.14,0.00,0.14,0.00,0.16,3.62,0.16,3.62,154
-3.78,-2.65,-0.20,0.20,0.00,0.20,0.00,0.36,3.62,0.36,3.62,151
-5.76,-4.72,-0.27,0.27,0.00,0.27,0.00,0.63,3.62,0.63,3.62,156
-6.84,-0.29,-0.08,0.08,0.00,0.08,0.00,0.71,3.62,0.71,3.62,142
-3.44,-1.32,-0.08,0.08,0.00,0.08,0.00,0.79,3.62,0.79,3.62,143
4.92,2.09,0.19,0.00,0.19,0.00,0.19,0.79,3.80,0.79,3.80,149
5.34,-0.25,0.08,0.00,0.08,0.00,0.08,0.79,3.88,0.79,3.88,152
5.24,-1.14,0.01,0.00,0.01,0.00,0.01,0.79,3.89,0.79,3.89,162
3.55,-1.40,-0.01,0.01,0.00,0.01,0.00,0.80,3.89,0.80,3.89,155
-0.34,-2.48,-0.08,0.08,0.00,0.08,0.00,0.88,3.89,0.88,3.89,144
-4.71,-2.15,-0.19,0.19,0.00,0.19,0.00,0.07,2.89,0.07,2.89,143
-5.93,-0.28,-0.08,0.08,0.00,0.08,0.00,0.15,2.89,0.15,2.89,142
-2.91,2.77,0.13,0.00,0.13,0.00,0.13,0.15,3.02,0.15,3.02,147
4.36,2.66,0.21,0.00,0.21,0.00,0.21,0.15,3.24,0.15,3.24,153
5.21,1.46,0.16,0.00,0.16,0.00,0.16,0.15,3.40,0.15,3.40,153
5.00,2.78,0.23,0.00,0.23,0.00,0.23,0.15,3.63,0.15,3.63,148
4.22,-0.05,0.04,0.00,0.04,0.00,0.04,0.15,3.67,0.15,3.67,148
3.14,0.51,0.04,0.00,0.04,0.00,0.04,0.15,3.72,0.15,3.72,147
-0.14,0.67,0.03,0.00,0.03,0.00,0.03,0.15,3.74,0.15,3.74,143
-2.03,-1.63,-0.08,0.08,0.00,0.08,0.00,0.23,3.74,0.23,3.74,142
0.18,-0.54,-0.01,0.01,0.00,0.01,0.00,0.24,3.74,0.24,3.74,149
-0.31,-0.80,-0.08,0.08,0.00,0.08,0.00,0.32,3.74,0.32,3.74,148
5.70,5.66,0.29,0.00,0.29,0.00,0.29,0.32,4.03,0.32,4.03,156
5.00,0.25,0.08,0.00,0.08,0.00,0.08,0.32,4.11,0.32,4.11,155
6.89,2.44,0.21,0.00,0.21,0.00,0.21,0.32,4.32,0.32,4.32,148
1.00,-0.96,-0.08,0.08,0.00,0.08,0.00,0.40,4.32,0.40,4.32,146
-0.25,0.56,0.01,0.00,0.01,0.00,0.01,0.40,4.33,0.40,4.33,143
-1.66,-1.75,-0.08,0.08,0.00,0.08,0.00,0.48,4.33,0.48,4.33,143
-0.99,1.06,0.08,0.00,0.08,0.00,0.08,0.48,4.41,0.48,4.41,142
-1.23,0.16,0.00,0.00,0.00,0.00,0.00,0.48,4.41,0.48,4.41,141
3.31,4.25,0.15,0.00,0.15,0.00,0.15,0.48,4.56,0.48,4.56,149
4.87,2.06,0.19,0.00,0.19,0.00,0.19,0.48,4.75,0.48,4.75,150
3.24,-0.28,0.01,0.00,0.01,0.00,0.01,0.48,4.75,0.48,4.75,152
3.63,0.49,0.05,0.00,0.05,0.00,0.05,0.48,4.80,0.48,4.80,146
2.26,-0.35,0.00,0.00,0.00,0.00,0.00,0.48,4.81,0.48,4.81,145
-2.03,-2.21,-0.08,0.08,0.00,0.08,0.00,0.56,4.81,0.56,4.81,143
-1.00,0.08,0.00,0.00,0.00,0.00,0.00,0.56,4.81,0.56,4.81,140
1.55,0.73,0.04,0.00,0.04,0.00,0.04,0.56,4.85,0.56,4.85,146
2.02,5.64,0.22,0.00,0.22,0.00,0.22,0.56,5.07,0.56,5.07,153
0.18,-0.40,-0.00,0.00,0.00,0.00,0.00,0.56,5.07,0.56,5.07,154
4.02,1.64,0.16,0.00,0.16,0.00,0.16,0.56,5.23,0.56,5.23,144
0.89,-0.77,-0.06,0.06,0.00,0.06,0.00,0.62,5.23,0.62,5.23,151
-0.18,-1.05,-0.08,0.08,0.00,0.08,0.00,0.70,5.23,0.70,5.23,156
-0.42,-0.12,0.00,0.00,0.00,0.00,0.00,0.70,5.23,0.70,5.23,152
-0.76,-0.76,-0.05,0.05,0.00,0.05,0.00,0.75,5.23,0.75,5.23,142
1.83,1.91,0.08,0.00,0.08,0.00,0.08,0.75,5.31,0.75,5.31,143
4.85,2.29,0.20,0.00,0.20,0.00,0.20,0.75,5.50,0.75,5.50,145
3.63,-1.27,-0.01,0.01,0.00,0.01,0.00,0.76,5.50,0.76,5.50,151
1.79,-0.44,-0.00,0.00,0.00,0.00,0.00,0.76,5.50,0.76,5.50,148
1.97,0.50,0.01,0.00,0.01,0.00,0.01,0.76,5.51,0.76,5.51,153
1.00,0.72,0.04,0.00,0.04,0.00,0.04,0.76,5.55,0.76,5.55,146
-1.75,0.88,0.08,0.00,0.08,0.00,0.08,0.76,5.63,0.76,5.63,147
-0.58,-2.69,-0.11,0.11,0.00,0.11,0.00,0.87,5.63,0.87,5.63,150
2.52,0.86,0.12,0.00,0.12,0.00,0.12,0.87,5.75,0.87,5.75,150
-0.56,-2.39,-0.08,0.08,0.00,0.08,0.00,0.95,5.75,0.95,5.75,144
2.10,1.43,0.09,0.00,0.09,0.00,0.09,0.95,5.83,0.95,5.83,147
2.21,0.09,0.00,0.00,0.00,0.00,0.00,0.95,5.84,0.95,5.84,145
1.40,0.46,0.00,0.00,0.00,0.00,0.00,0.95,5.84,0.95,5.84,151
-0.86,-0.50,-0.01,0.01,0.00,0.01,0.00,0.96,5.84,0.96,5.84,146
0.60,2.51,0.09,0.00,0.09,0.00,0.09,0.96,5.93,0.96,5.93,148
-0.30,-0.98,-0.08,0.08,0.00,0.08,0.00,0.04,4.93,0.04,4.93,147
1.15,-0.50,-0.01,0.01,0.00,0.01,0.00,0.04,4.93,0.04,4.93,150
2.57,-0.69,-0.02,0.02,0.00,0.02,0.00,0.07,4.93,0.07,4.93,146
1.73,-0.95,-0.08,0.08,0.00,0.08,0.00,0.15,4.93,0.15,4.93,149
0.98,1.47,0.08,0.00,0.08,0.00,0.08,0.15,5.01,0.15,5.01,152
-2.20,-0.72,-0.04,0.04,0.00,0.04,0.00,0.19,5.01,0.19,5.01,146
1.03,1.86,0.08,0.00,0.08,0.00,0.08,0.19,5.09,0.19,5.09,145
0.64,-0.15,0.00,0.00,0.00,0.00,0.00,0.19,5.09,0.19,5.09,146
2.23,1.59,0.10,0.00,0.10,0.00,0.10,0.19,5.18,0.19,5.18,150
2.75,-0.82,-0.05,0.05,0.00,0.05,0.00,0.24,5.18,0.24,5.18,147
5.07,1.67,0.16,0.00,0.16,0.00,0.16,0.24,5.34,0.24,5.34,144
2.02,1.88,0.08,0.00,0.08,0.00,0.08,0.24,5.43,0.24,5.43,146
1.05,-0.34,0.00,0.00,0.00,0.00,0.00,0.24,5.43,0.24,5.43,147
1.93,2.53,0.09,0.00,0.09,0.00,0.09,0.24,5.51,0.24,5.51,151
1.92,0.85,0.08,0.00,0.08,0.00,0.08,0.24,5.59,0.24,5.59,143
3.20,2.20,0.15,0.00,0.15,0.00,0.15,0.24,5.75,0.24,5.75,151
0.54,1.05,0.08,0.00,0.08,0.00,0.08,0.24,5.83,0.24,5.83,143
0.26,1.37,0.08,0.00,0.08,0.00,0.08,0.24,5.91,0.24,5.91,154
0.44,-1.55,-0.08,0.08,0.00,0.08,0.00,0.32,5.91,0.32,5.91,143
1.58,-0.14,0.00,0.00,0.00,0.00,0.00,0.32,5.91,0.32,5.91,151
-1.55,-0.31,0.00,0.00,0.00,0.00,0.00,0.32,5.91,0.32,5.91,142
-1.10,-0.42,-0.00,0.00,0.00,0.00,0.00,0.32,5.91,0.32,5.91,152
1.44,0.02,0.00,0.00,0.00,0.00,0.00,0.32,5.91,0.32,5.91,147
2.19,0.37,0.00,0.00,0.00,0.00,0.00,0.32,5.91,0.32,5.91,143
2.24,2.37,0.10,0.00,0.10,0.00,0.10,0.32,6.00,0.32,6.00,149
0.71,-0.60,-0.02,0.02,0.00,0.02,0.00,0.33,6.00,0.33,6.00,149
-0.03,-2.71,-0.11,0.11,0.00,0.11,0.00,0.45,6.00,0.45,6.00,156
-0.57,-1.15,-0.08,0.08,0.00,0.08,0.00,0.53,6.00,0.53,6.00,143
-1.01,-0.02,0.00,0.00,0.00,0.00,0.00,0.53,6.00,0.53,6.00,148
-0.51,2.68,0.11,0.00,0.11,0.00,0.11,0.53,6.11,0.53,6.11,147
-1.52,-1.19,-0.08,0.08,0.00,0.08,0.00,0.61,6.11,0.61,6.11,150
0.53,-0.22,0.00,0.00,0.00,0.00,0.00,0.61,6.11,0.61,6.11,151
5.32,4.76,0.27,0.00,0.27,0.00,0.27,0.61,6.38,0.61,6.38,145
1.00,-0.51,-0.01,0.01,0.00,0.01,0.00,0.61,6.38,0.61,6.38,149
1.20,0.33,0.00,0.00,0.00,0.00,0.00,0.61,6.38,0.61,6.38,157
-1.06,0.22,0.00,0.00,0.00,0.00,0.00,0.61,6.38,0.61,6.38,142
-2.09,-0.12,0.00,0.00,0.00,0.00,0.00,0.61,6.38,0.61,6.38,142
-0.07,1.26,0.08,0.00,0.08,0.00,0.08,0.61,6.46,0.61,6.46,145
1.11,-0.85,-0.08,0.08,0.00,0.08,0.00,0.69,6.46,0.69,6.46,146
1.73,-1.23,-0.08,0.08,0.00,0.08,0.00,0.77,6.46,0.77,6.46,141
1.43,-1.88,-0.08,0.08,0.00,0.08,0.00,0.85,6.46,0.85,6.46,145
2.20,-0.02,0.00,0.00,0.00,0.00,0.00,0.85,6.46,0.85,6.46,146
1.74,2.03,0.08,0.00,0.08,0.00,0.08,0.85,6.54,0.85,6.54,153
-1.42,0.37,0.00,0.00,0.00,0.00,0.00,0.85,6.54,0.85,6.54,150
1.19,5.14,0.20,0.00,0.20,0.00,0.20,0.85,6.74,0.85,6.74,147
-1.66,0.19,0.00,0.00,0.00,0.00,0.00,0.85,6.74,0.85,6.74,151
-0.07,2.10,0.08,0.00,0.08,0.00,0.08,0.85,6.82,0.85,6.82,157
1.46,-0.50,-0.01,0.01,0.00,0.01,0.00,0.86,6.82,0.86,6.82,151
2.96,0.20,0.01,0.00,0.01,0.00,0.01,0.86,6.83,0.86,6.83,151
3.02,0.16,0.01,0.00,0.01,0.00,0.01,0.86,6.83,0.86,6.83,153
-0.17,-2.60,-0.10,0.10,0.00,0.10,0.00,0.96,6.83,0.96,6.83,151
-4.78,-2.59,-0.23,0.23,0.00,0.23,0.00,0.19,5.83,0.19,5.83,152
-1.35,0.77,0.06,0.00,0.06,0.00,0.06,0.19,5.89,0.19,5.89,153
-0.58,-1.16,-0.08,0.08,0.00,0.08,0.00,0.27,5.89,0.27,5.89,143
0.07,-1.32,-0.08,0.08,0.00,0.08,0.00,0.35,5.89,0.35,5.89,145
4.18,4.78,0.25,0.00,0.25,0.00,0.25,0.35,6.14,0.35,6.14,156
6.32,-0.21,0.08,0.00,0.08,0.00,0.08,0.35,6.22,0.35,6.22,145
1.67,-1.55,-0.08,0.08,0.00,0.08,0.00,0.43,6.22,0.43,6.22,147
0.62,-0.87,-0.08,0.08,0.00,0.08,0.00,0.51,6.22,0.51,6.22,145
1.03,1.63,0.08,0.00,0.08,0.00,0.08,0.51,6.30,0.51,6.30,150
-0.91,-2.51,-0.09,0.09,0.00,0.09,0.00,0.59,6.30,0.59,6.30,148
0.79,0.63,0.02,0.00,0.02,0.00,0.02,0.59,6.32,0.59,6.32,147
2.12,2.57,0.09,0.00,0.09,0.00,0.09,0.59,6.41,0.59,6.41,150
4.76,1.23,0.16,0.00,0.16,0.00,0.16,0.59,6.57,0.59,6.57,148
2.31,-0.44,-0.00,0.00,0.00,0.00,0.00,0.59,6.57,0.59,6.57,149
0.20,2.94,0.13,0.00,0.13,0.00,0.13,0.59,6.70,0.59,6.70,149
1.06,-1.51,-0.08,0.08,0.00,0.08,0.00,0.67,6.70,0.67,6.70,145
0.81,-1.90,-0.08,0.08,0.00,0.08,0.00,0.75,6.70,0.75,6.70,149
-2.23,-4.15,-0.18,0.18,0.00,0.18,0.00,0.93,6.70,0.93,6.70,145
-0.20,0.07,0.00,0.00,0.00,0.00,0.00,0.93,6.70,0.93,6.70,142
0.47,-1.39,-0.08,0.08,0.00,0.08,0.00,0.01,5.70,0.01,5.70,150
4.71,2.08,0.19,0.00,0.19,0.00,0.19,0.01,5.89,0.01,5.89,155
2.60,-1.37,-0.06,0.06,0.00,0.06,0.00,0.07,5.89,0.07,5.89,150
0.49,-2.25,-0.08,0.08,0.00,0.08,0.00,0.15,5.89,0.15,5.89,143
1.87,0.49,0.01,0.00,0.01,0.00,0.01,0.15,5.90,0.15,5.90,148
-0.59,-2.63,-0.10,0.10,0.00,0.10,0.00,0.26,5.90,0.26,5.90,147
0.64,1.06,0.08,0.00,0.08,0.00,0.08,0.26,5.98,0.26,5.98,152
1.05,0.45,0.00,0.00,0.00,0.00,0.00,0.26,5.98,0.26,5.98,150
3.23,0.41,0.01,0.00,0.01,0.00,0.01,0.26,5.99,0.26,5.99,143
0.30,0.06,0.00,0.00,0.00,0.00,0.00,0.26,5.99,0.26,5.99,154
2.50,0.45,0.02,0.00,0.02,0.00,0.02,0.26,6.01,0.26,6.01,158
-0.31,-0.08,0.00,0.00,0.00,0.00,0.00,0.26,6.01,0.26,6.01,146
-1.52,-2.95,-0.14,0.14,0.00,0.14,0.00,0.39,6.01,0.39,6.01,147
0.26,-1.43,-0.08,0.08,0.00,0.08,0.00,0.47,6.01,0.47,6.01,152
0.64,0.08,0.00,0.00,0.00,0.00,0.00,0.47,6.01,0.47,6.01,152
3.63,1.78,0.19,0.00,0.19,0.00,0.19,0.47,6.20,0.47,6.20,148
3.65,-0.52,0.01,0.00,0.01,0.00,0.01,0.47,6.21,0.47,6.21,146
2.02,-0.11,0.00,0.00,0.00,0.00,0.00,0.47,6.21,0.47,6.21,149
1.67,0.52,0.01,0.00,0.01,0.00,0.01,0.47,6.22,0.47,6.22,148
0.95,1.75,0.08,0.00,0.08,0.00,0.08,0.47,6.30,0.47,6.30,152
-2.34,-0.96,-0.08,0.08,0.00,0.08,0.00,0.55,6.30,0.55,6.30,148
0.40,2.71,0.11,0.00,0.11,0.00,0.11,0.55,6.41,0.55,6.41,151
1.44,-0.79,-0.08,0.08,0.00,0.08,0.00,0.63,6.41,0.63,6.41,148
2.34,0.78,0.09,0.00,0.09,0.00,0.09,0.63,6.50,0.63,6.50,148
0.07,-2.85,-0.13,0.13,0.00,0.13,0.00,0.75,6.50,0.75,6.50,145
-1.31,-1.40,-0.08,0.08,0.00,0.08,0.00,0.83,6.50,0.83,6.50,145
-2.28,-1.92,-0.08,0.08,0.00,0.08,0.00,0.91,6.50,0.91,6.50,154
-1.55,-1.27,-0.08,0.08,0.00,0.08,0.00,0.99,6.50,0.99,6.50,158
-0.95,-1.86,-0.08,0.08,0.00,0.08,0.00,0.07,5.50,0.07,5.50,145
-1.75,-2.97,-0.14,0.14,0.00,0.14,0.00,0.21,5.50,0.21,5.50,148
1.95,3.88,0.17,0.00,0.17,0.00,0.17,0.21,5.68,0.21,5.68,143
6.15,1.60,0.17,0.00,0.17,0.00,0.17,0.21,5.84,0.21,5.84,156
3.28,-0.85,-0.02,0.02,0.00,0.02,0.00,0.23,5.84,0.23,5.84,151
0.95,1.86,0.08,0.00,0.08,0.00,0.08,0.23,5.92,0.23,5.92,144
-0.88,-1.35,-0.08,0.08,0.00,0.08,0.00,0.31,5.92,0.31,5.92,145
-1.11,0.53,0.01,0.00,0.01,0.00,0.01,0.31,5.93,0.31,5.93,143
-1.74,-0.97,-0.08,0.08,0.00,0.08,0.00,0.39,5.93,0.39,5.93,145
2.60,1.97,0.12,0.00,0.12,0.00,0.12,0.39,6.05,0.39,6.05,144
0.88,-0.91,-0.08,0.08,0.00,0.08,0.00,0.47,6.05,0.47,6.05,145
2.81,-0.03,0.01,0.00,0.01,0.00,0.01,0.47,6.06,0.47,6.06,143
3.39,2.32,0.17,0.00,0.17,0.00,0.17,0.47,6.23,0.47,6.23,150
0.75,0.49,0.01,0.00,0.01,0.00,0.01,0.47,6.24,0.47,6.24,151
0.46,-2.80,-0.12,0.12,0.00,0.12,0.00,0.59,6.24,0.59,6.24,151
-2.66,-2.16,-0.08,0.08,0.00,0.08,0.00,0.67,6.24,0.67,6.24,152
-2.45,-1.90,-0.08,0.08,0.00,0.08,0.00,0.75,6.24,0.75,6.24,146
1.65,0.48,0.01,0.00,0.01,0.00,0.01,0.75,6.24,0.75,6.24,142
1.87,-1.36,-0.08,0.08,0.00,0.08,0.00,0.83,6.24,0.83,6.24,148
-0.22,-3.13,-0.14,0.14,0.00,0.14,0.00,0.97,6.24,0.97,6.24,155
2.56,1.88,0.12,0.00,0.12,0.00,0.12,0.97,6.36,0.97,6.36,151
2.78,0.77,0.11,0.00,0.11,0.00,0.11,0.97,6.47,0.97,6.47,146
-1.43,-2.22,-0.08,0.08,0.00,0.08,0.00,0.05,5.47,0.05,5.47,145
-3.44,-1.43,-0.08,0.08,0.00,0.08,0.00,0.13,5.47,0.13,5.47,147
0.34,2.55,0.09,0.00,0.09,0.00,0.09,0.13,5.56,0.13,5.56,149
0.99,-0.93,-0.08,0.08,0.00,0.08,0.00,0.21,5.56,0.21,5.56,150
-0.12,-0.75,-0.05,0.05,0.00,0.05,0.00,0.27,5.56,0.27,5.56,143
2.45,2.87,0.11,0.00,0.11,0.00,0.11,0.27,5.67,0.27,5.67,146
2.20,2.55,0.09,0.00,0.09,0.00,0.09,0.27,5.76,0.27,5.76,149
0.22,-1.93,-0.08,0.08,0.00,0.08,0.00,0.35,5.76,0.35,5.76,150
-1.91,-1.07,-0.08,0.08,0.00,0.08,0.00,0.43,5.76,0.43,5.76,146
-1.27,-1.70,-0.08,0.08,0.00,0.08,0.00,0.51,5.76,0.51,5.76,149
1.66,-0.50,-0.01,0.01,0.00,0.01,0.00,0.51,5.76,0.51,5.76,147
1.61,0.62,0.02,0.00,0.02,0.00,0.02,0.51,5.78,0.51,5.78,146
-0.05,-2.89,-0.13,0.13,0.00,0.13,0.00,0.64,5.78,0.64,5.78,148
1.81,0.64,0.02,0.00,0.02,0.00,0.02,0.64,5.81,0.64,5.81,144
0.82,0.74,0.05,0.00,0.05,0.00,0.05,0.64,5.85,0.64,5.85,144
2.38,3.33,0.11,0.00,0.11,0.00,0.11,0.64,5.96,0.64,5.96,151
-0.70,-2.82,-0.12,0.12,0.00,0.12,0.00,0.76,5.96,0.76,5.96,150
-1.17,-2.07,-0.08,0.08,0.00,0.08,0.00,0.84,5.96,0.84,5.96,144
-0.18,1.32,0.08,0.00,0.08,0.00,0.08,0.84,6.04,0.84,6.04,142
0.55,-1.06,-0.08,0.08,0.00,0.08,0.00,0.92,6.04,0.92,6.04,145
0.07,-1.10,-0.08,0.08,0.00,0.08,0.00,0.00,5.04,0.00,5.04,147
1.16,-2.05,-0.08,0.08,0.00,0.08,0.00,0.08,5.04,0.08,5.04,146
-1.75,-2.31,-0.08,0.08,0.00,0.08,0.00,0.16,5.04,0.16,5.04,143
-0.28,1.35,0.08,0.00,0.08,0.00,0.08,0.16,5.12,0.16,5.12,143
-0.20,0.16,0.00,0.00,0.00,0.00,0.00,0.16,5.12,0.16,5.12,145
4.17,3.49,0.22,0.00,0.22,0.00,0.22,0.16,5.33,0.16,5.33,153
4.78,0.94,0.17,0.00,0.17,0.00,0.17,0.16,5.50,0.16,5.50,141
4.00,-1.02,0.00,0.00,0.00,0.00,0.00,0.16,5.50,0.16,5.50,144
1.12,0.63,0.02,0.00,0.02,0.00,0.02,0.16,5.53,0.16,5.53,145
-1.45,-2.74,-0.12,0.12,0.00,0.12,0.00,0.28,5.53,0.28,5.53,148
2.24,0.58,0.03,0.00,0.03,0.00,0.03,0.28,5.55,0.28,5.55,145
0.27,1.00,0.08,0.00,0.08,0.00,0.08,0.28,5.63,0.28,5.63,142
1.00,2.27,0.08,0.00,0.08,0.00,0.08,0.28,5.71,0.28,5.71,145
1.39,0.50,0.01,0.00,0.01,0.00,0.01,0.28,5.72,0.28,5.72,145
2.25,1.44,0.10,0.00,0.10,0.00,0.10,0.28,5.82,0.28,5.82,151
3.55,2.24,0.19,0.00,0.19,0.00,0.19,0.28,6.00,0.28,6.00,149
0.35,-0.85,-0.08,0.08,0.00,0.08,0.00,0.36,6.00,0.36,6.00,156
1.51,1.77,0.08,0.00,0.08,0.00,0.08,0.36,6.08,0.36,6.08,152
-0.78,0.97,0.08,0.00,0.08,0.00,0.08,0.36,6.16,0.36,6.16,146
-2.29,0.19,0.00,0.00,0.00,0.00,0.00,0.36,6.16,0.36,6.16,147
-0.20,0.22,0.00,0.00,0.00,0.00,0.00,0.36,6.16,0.36,6.16,150
2.58,2.55,0.09,0.00,0.09,0.00,0.09,0.36,6.26,0.36,6.26,153
3.99,-0.85,-0.00,0.00,0.00,0.00,0.00,0.36,6.26,0.36,6.26,156
4.64,0.87,0.17,0.00,0.17,0.00,0.17,0.36,6.43,0.36,6.43,164
3.31,3.81,0.18,0.00,0.18,0.00,0.18,0.36,6.61,0.36,6.61,152
0.06,2.58,0.10,0.00,0.10,0.00,0.10,0.36,6.71,0.36,6.71,153
2.34,3.29,0.10,0.00,0.10,0.00,0.10,0.36,6.81,0.36,6.81,151
0.39,2.33,0.08,0.00,0.08,0.00,0.08,0.36,6.89,0.36,6.89,147
-1.25,0.01,0.00,0.00,0.00,0.00,0.00,0.36,6.89,0.36,6.89,154
2.24,2.49,0.10,0.00,0.10,0.00,0.10,0.36,6.99,0.36,6.99,151
1.59,1.19,0.08,0.00,0.08,0.00,0.08,0.36,7.07,0.36,7.07,157
-0.53,-0.41,-0.00,0.00,0.00,0.00,0.00,0.36,7.07,0.36,7.07,153
2.27,0.77,0.08,0.00,0.08,0.00,0.08,0.36,7.15,0.36,7.15,158
-0.60,-3.23,-0.15,0.15,0.00,0.15,0.00,0.51,7.15,0.51,7.15,158
1.87,-0.16,0.00,0.00,0.00,0.00,0.00,0.51,7.15,0.51,7.15,151
2.83,3.89,0.18,0.00,0.18,0.00,0.18,0.51,7.34,0.51,7.34,147
3.95,3.29,0.21,0.00,0.21,0.00,0.21,0.51,7.55,0.51,7.55,152
1.74,0.62,0.02,0.00,0.02,0.00,0.02,0.51,7.56,0.51,7.56,150
3.10,0.31,0.01,0.00,0.01,0.00,0.01,0.51,7.57,0.51,7.57,149
3.08,1.80,0.14,0.00,0.14,0.00,0.14,0.51,7.72,0.51,7.72,155
1.71,0.02,0.00,0.00,0.00,0.00,0.00,0.51,7.72,0.51,7.72,148
1.03,0.76,0.06,0.00,0.06,0.00,0.06,0.51,7.77,0.51,7.77,146
2.60,1.00,0.12,0.00,0.12,0.00,0.12,0.51,7.89,0.51,7.89,142
1.35,-0.16,0.00,0.00,0.00,0.00,0.00,0.51,7.89,0.51,7.89,148
0.84,1.54,0.08,0.00,0.08,0.00,0.08,0.51,7.97,0.51,7.97,152
-0.03,-2.57,-0.10,0.10,0.00,0.10,0.00,0.61,7.97,0.61,7.97,150
1.99,1.82,0.08,0.00,0.08,0.00,0.08,0.61,8.05,0.61,8.05,146
1.84,0.13,0.00,0.00,0.00,0.00,0.00,0.61,8.05,0.61,8.05,150
2.06,-0.34,0.00,0.00,0.00,0.00,0.00,0.61,8.05,0.61,8.05,148
1.10,3.02,0.14,0.00,0.14,0.00,0.14,0.61,8.19,0.61,8.19,151
-0.11,-1.27,-0.08,0.08,0.00,0.08,0.00,0.69,8.19,0.69,8.19,144
-0.23,-3.33,-0.15,0.15,0.00,0.15,0.00,0.84,8.19,0.84,8.19,149
0.24,-3.47,-0.16,0.16,0.00,0.16,0.00,0.01,7.19,0.01,7.19,148
0.93,-0.12,0.00,0.00,0.00,0.00,0.00,0.01,7.19,0.01,7.19,148
0.22,-1.45,-0.08,0.08,0.00,0.08,0.00,0.09,7.19,0.09,7.19,148
1.98,1.61,0.08,0.00,0.08,0.00,0.08,0.09,7.27,0.09,7.27,148
-0.29,-0.23,0.00,0.00,0.00,0.00,0.00,0.09,7.27,0.09,7.27,148
0.51,-0.92,-0.08,0.08,0.00,0.08,0.00,0.17,7.27,0.17,7.27,146
1.85,0.06,0.00,0.00,0.00,0.00,0.00,0.17,7.27,0.17,7.27,146
0.97,1.03,0.08,0.00,0.08,0.00,0.08,0.17,7.35,0.17,7.35,145
0.92,1.49,0.08,0.00,0.08,0.00,0.08,0.17,7.43,0.17,7.43,147
1.37,-0.65,-0.02,0.02,0.00,0.02,0.00,0.19,7.43,0.19,7.43,155
0.79,1.01,0.08,0.00,0.08,0.00,0.08,0.19,7.51,0.19,7.51,150
0.89,-1.27,-0.08,0.08,0.00,0.08,0.00,0.27,7.51,0.27,7.51,146
-0.25,-0.92,-0.08,0.08,0.00,0.08,0.00,0.35,7.51,0.35,7.51,155
1.28,1.11,0.08,0.00,0.08,0.00,0.08,0.35,7.59,0.35,7.59,143
2.04,2.45,0.08,0.00,0.08,0.00,0.08,0.35,7.68,0.35,7.68,153
3.32,3.20,0.18,0.00,0.18,0.00,0.18,0.35,7.86,0.35,7.86,149
1.85,0.44,0.00,0.00,0.00,0.00,0.00,0.35,7.86,0.35,7.86,148
-0.29,-3.51,-0.16,0.16,0.00,0.16,0.00,0.51,7.86,0.51,7.86,146
0.15,-1.09,-0.08,0.08,0.00,0.08,0.00,0.59,7.86,0.59,7.86,145
1.96,2.62,0.10,0.00,0.10,0.00,0.10,0.59,7.96,0.59,7.96,141
-1.11,-2.96,-0.13,0.13,0.00,0.13,0.00,0.73,7.96,0.73,7.96,149
-2.86,-3.03,-0.15,0.15,0.00,0.15,0.00,0.88,7.96,0.88,7.96,149
-1.74,-1.13,-0.08,0.08,0.00,0.08,0.00,0.96,7.96,0.96,7.96,150
3.52,2.04,0.19,0.00,0.19,0.00,0.19,0.96,8.15,0.96,8.15,153
3.12,-0.53,-0.00,0.00,0.00,0.00,0.00,0.96,8.15,0.96,8.15,157
4.21,-0.12,0.04,0.00,0.04,0.00,0.04,0.96,8.19,0.96,8.19,155
1.29,-1.69,-0.08,0.08,0.00,0.08,0.00,0.04,7.19,0.04,7.19,145
1.40,-0.48,-0.01,0.01,0.00,0.01,0.00,0.05,7.19,0.05,7.19,156
-2.50,-0.55,-0.01,0.01,0.00,0.01,0.00,0.06,7.19,0.06,7.19,150
-2.15,3.34,0.16,0.00,0.16,0.00,0.16,0.06,7.35,0.06,7.35,148
-0.99,0.99,0.08,0.00,0.08,0.00,0.08,0.06,7.43,0.06,7.43,145
3.79,1.76,0.18,0.00,0.18,0.00,0.18,0.06,7.60,0.06,7.60,155
1.20,-2.71,-0.11,0.11,0.00,0.11,0.00,0.17,7.60,0.17,7.60,148
2.83,1.64,0.13,0.00,0.13,0.00,0.13,0.17,7.74,0.17,7.74,146
1.41,-0.49,-0.01,0.01,0.00,0.01,0.00,0.18,7.74,0.18,7.74,148
-0.33,0.26,0.00,0.00,0.00,0.00,0.00,0.18,7.74,0.18,7.74,145
-1.33,0.46,0.00,0.00,0.00,0.00,0.00,0.18,7.74,0.18,7.74,143
0.17,5.05,0.19,0.00,0.19,0.00,0.19,0.18,7.93,0.18,7.93,148
2.46,2.18,0.11,0.00,0.11,0.00,0.11,0.18,8.05,0.18,8.05,148
2.91,0.95,0.14,0.00,0.14,0.00,0.14,0.18,8.18,0.18,8.18,155
0.61,-0.88,-0.08,0.08,0.00,0.08,0.00,0.26,8.18,0.26,8.18,148
0.24,-4.63,-0.19,0.19,0.00,0.19,0.00,0.44,8.18,0.44,8.18,151
0.47,-3.34,-0.16,0.16,0.00,0.16,0.00,0.60,8.18,0.60,8.18,157
-1.80,-2.55,-0.09,0.09,0.00,0.09,0.00,0.69,8.18,0.69,8.18,151
-3.00,-3.28,-0.17,0.17,0.00,0.17,0.00,0.86,8.18,0.86,8.18,149
1.78,0.79,0.07,0.00,0.07,0.00,0.07,0.86,8.25,0.86,8.25,155
1.14,0.34,0.00,0.00,0.00,0.00,0.00,0.86,8.25,0.86,8.25,142
3.06,1.96,0.14,0.00,0.14,0.00,0.14,0.86,8.40,0.86,8.40,145
2.29,-1.21,-0.07,0.07,0.00,0.07,0.00,0.93,8.40,0.93,8.40,156
1.66,-0.22,0.00,0.00,0.00,0.00,0.00,0.93,8.40,0.93,8.40,145
1.20,-2.13,-0.08,0.08,0.00,0.08,0.00,0.01,7.40,0.01,7.40,144
1.23,1.01,0.08,0.00,0.08,0.00,0.08,0.01,7.48,0.01,7.48,152
1.30,2.90,0.13,0.00,0.13,0.00,0.13,0.01,7.61,0.01,7.61,144
1.06,2.24,0.08,0.00,0.08,0.00,0.08,0.01,7.69,0.01,7.69,146
2.38,0.83,0.11,0.00,0.11,0.00,0.11,0.01,7.80,0.01,7.80,147
0.38,-0.47,-0.00,0.00,0.00,0.00,0.00,0.01,7.80,0.01,7.80,150
-0.44,-1.73,-0.08,0.08,0.00,0.08,0.00,0.09,7.80,0.09,7.80,143
1.58,-0.80,-0.08,0.08,0.00,0.08,0.00,0.17,7.80,0.17,7.80,153
1.67,1.75,0.08,0.00,0.08,0.00,0.08,0.17,7.88,0.17,7.88,155
1.55,-0.61,-0.02,0.02,0.00,0.02,0.00,0.19,7.88,0.19,7.88,145
1.21,1.20,0.08,0.00,0.08,0.00,0.08,0.19,7.96,0.19,7.96,148
-0.79,-2.73,-0.12,0.12,0.00,0.12,0.00,0.31,7.96,0.31,7.96,148
0.87,0.91,0.08,0.00,0.08,0.00,0.08,0.31,8.04,0.31,8.04,149
-3.35,-1.11,-0.08,0.08,0.00,0.08,0.00,0.39,8.04,0.39,8.04,143
-0.19,-1.93,-0.08,0.08,0.00,0.08,0.00,0.47,8.04,0.47,8.04,148
1.43,-0.51,-0.01,0.01,0.00,0.01,0.00,0.47,8.04,0.47,8.04,146
2.20,2.85,0.10,0.00,0.10,0.00,0.10,0.47,8.13,0.47,8.13,149
2.27,-2.46,-0.06,0.06,0.00,0.06,0.00,0.54,8.13,0.54,8.13,148
3.75,1.06,0.16,0.00,0.16,0.00,0.16,0.54,8.30,0.54,8.30,150
2.55,0.54,0.03,0.00,0.03,0.00,0.03,0.54,8.33,0.54,8.33,155
2.39,-2.89,-0.12,0.12,0.00,0.12,0.00,0.65,8.33,0.65,8.33,143
-1.16,-1.63,-0.08,0.08,0.00,0.08,0.00,0.73,8.33,0.73,8.33,145
-0.33,-1.14,-0.08,0.08,0.00,0.08,0.00,0.81,8.33,0.81,8.33,148
-0.09,1.27,0.08,0.00,0.08,0.00,0.08,0.81,8.41,0.81,8.41,145
-0.80,0.40,0.00,0.00,0.00,0.00,0.00,0.81,8.41,0.81,8.41,149
1.49,0.46,0.00,0.00,0.00,0.00,0.00,0.81,8.41,0.81,8.41,150
2.70,0.73,0.08,0.00,0.08,0.00,0.08,0.81,8.49,0.81,8.49,151
2.89,0.03,0.01,0.00,0.01,0.00,0.01,0.81,8.50,0.81,8.50,143
-0.02,-1.85,-0.08,0.08,0.00,0.08,0.00,0.89,8.50,0.89,8.50,149
-0.49,-2.27,-0.08,0.08,0.00,0.08,0.00,0.97,8.50,0.97,8.50,143
-2.64,0.31,0.00,0.00,0.00,0.00,0.00,0.97,8.50,0.97,8.50,140
-1.22,-2.21,-0.08,0.08,0.00,0.08,0.00,0.05,7.50,0.05,7.50,153
1.65,1.07,0.08,0.00,0.08,0.00,0.08,0.05,7.58,0.05,7.58,143
1.34,0.45,0.00,0.00,0.00,0.00,0.00,0.05,7.58,0.05,7.58,147
0.20,-2.16,-0.08,0.08,0.00,0.08,0.00,0.13,7.58,0.13,7.58,157
2.37,-0.09,0.00,0.00,0.00,0.00,0.00,0.13,7.59,0.13,7.59,153
1.11,0.27,0.00,0.00,0.00,0.00,0.00,0.13,7.59,0.13,7.59,148
1.62,1.62,0.08,0.00,0.08,0.00,0.08,0.13,7.67,0.13,7.67,144
0.44,0.03,0.00,0.00,0.00,0.00,0.00,0.13,7.67,0.13,7.67,157
1.54,2.21,0.08,0.00,0.08,0.00,0.08,0.13,7.75,0.13,7.75,152
0.34,1.30,0.08,0.00,0.08,0.00,0.08,0.13,7.83,0.13,7.83,142
1.97,-0.03,0.00,0.00,0.00,0.00,0.00,0.13,7.83,0.13,7.83,145
1.63,-0.74,-0.05,0.05,0.00,0.05,0.00,0.18,7.83,0.18,7.83,150
1.35,1.85,0.08,0.00,0.08,0.00,0.08,0.18,7.91,0.18,7.91,146
0.55,0.19,0.00,0.00,0.00,0.00,0.00,0.18,7.91,0.18,7.91,152
0.58,-0.25,0.00,0.00,0.00,0.00,0.00,0.18,7.91,0.18,7.91,148
1.96,1.95,0.08,0.00,0.08,0.00,0.08,0.18,7.99,0.18,7.99,148
1.22,0.54,0.01,0.00,0.01,0.00,0.01,0.18,8.00,0.18,8.00,152
2.39,1.95,0.11,0.00,0.11,0.00,0.11,0.18,8.10,0.18,8.10,153
0.09,-3.39,-0.16,0.16,0.00,0.16,0.00,0.34,8.10,0.34,8.10,147
-0.72,0.33,0.00,0.00,0.00,0.00,0.00,0.34,8.10,0.34,8.10,146
1.16,-0.53,-0.01,0.01,0.00,0.01,0.00,0.34,8.10,0.34,8.10,146
1.46,0.50,0.01,0.00,0.01,0.00,0.01,0.34,8.11,0.34,8.11,150
-1.01,0.02,0.00,0.00,0.00,0.00,0.00,0.34,8.11,0.34,8.11,150
2.76,2.35,0.13,0.00,0.13,0.00,0.13,0.34,8.24,0.34,8.24,150
-0.90,0.43,0.00,0.00,0.00,0.00,0.00,0.34,8.24,0.34,8.24,153
2.60,-0.95,-0.06,0.06,0.00,0.06,0.00,0.40,8.24,0.40,8.24,146
-0.66,0.90,0.08,0.00,0.08,0.00,0.08,0.40,8.32,0.40,8.32,147
1.62,3.40,0.16,0.00,0.16,0.00,0.16,0.40,8.48,0.40,8.48,152
-0.72,0.44,0.00,0.00,0.00,0.00,0.00,0.40,8.48,0.40,8.48,145
-0.73,0.82,0.08,0.00,0.08,0.00,0.08,0.40,8.56,0.40,8.56,143
4.21,2.11,0.19,0.00,0.19,0.00,0.19,0.40,8.75,0.40,8.75,155
2.43,-0.86,-0.06,0.06,0.00,0.06,0.00,0.46,8.75,0.46,8.75,148
1.18,0.10,0.00,0.00,0.00,0.00,0.00,0.46,8.75,0.46,8.75,147
1.27,-0.77,-0.06,0.06,0.00,0.06,0.00,0.53,8.75,0.53,8.75,149
-2.05,-2.43,-0.08,0.08,0.00,0.08,0.00,0.61,8.75,0.61,8.75,147
-1.88,-2.20,-0.08,0.08,0.00,0.08,0.00,0.69,8.75,0.69,8.75,147
-2.04,-0.30,0.00,0.00,0.00,0.00,0.00,0.69,8.75,0.69,8.75,147
0.16,-0.07,0.00,0.00,0.00,0.00,0.00,0.69,8.75,0.69,8.75,152
1.23,-0.62,-0.02,0.02,0.00,0.02,0.00,0.71,8.75,0.71,8.75,151
3.04,-1.13,-0.04,0.04,0.00,0.04,0.00,0.74,8.75,0.74,8.75,149
4.63,0.92,0.17,0.00,0.17,0.00,0.17,0.74,8.92,0.74,8.92,144
3.64,-1.03,-0.01,0.01,0.00,0.01,0.00,0.75,8.92,0.75,8.92,143
-0.81,-4.26,-0.18,0.18,0.00,0.18,0.00,0.93,8.92,0.93,8.92,148
0.67,0.66,0.03,0.00,0.03,0.00,0.03,0.93,8.94,0.93,8.94,144
0.31,0.20,0.00,0.00,0.00,0.00,0.00,0.93,8.94,0.93,8.94,155
0.33,-1.11,-0.08,0.08,0.00,0.08,0.00,0.01,7.94,0.01,7.94,144
3.69,0.48,0.05,0.00,0.05,0.00,0.05,0.01,7.99,0.01,7.99,144
1.77,0.77,0.06,0.00,0.06,0.00,0.06,0.01,8.06,0.01,8.06,153
2.90,-0.96,-0.05,0.05,0.00,0.05,0.00,0.06,8.06,0.06,8.06,143
2.53,-1.56,-0.05,0.05,0.00,0.05,0.00,0.10,8.06,0.10,8.06,153
2.18,-0.18,0.00,0.00,0.00,0.00,0.00,0.10,8.06,0.10,8.06,150
-0.26,-1.55,-0.08,0.08,0.00,0.08,0.00,0.18,8.06,0.18,8.06,142
2.54,1.17,0.12,0.00,0.12,0.00,0.12,0.18,8.17,0.18,8.17,147
2.15,1.32,0.09,0.00,0.09,0.00,0.09,0.18,8.26,0.18,8.26,151
4.19,0.23,0.04,0.00,0.04,0.00,0.04,0.18,8.31,0.18,8.31,149
0.94,-3.35,-0.16,0.16,0.00,0.16,0.00,0.34,8.31,0.34,8.31,148
1.78,-0.57,-0.01,0.01,0.00,0.01,0.00,0.35,8.31,0.35,8.31,150
1.88,1.41,0.08,0.00,0.08,0.00,0.08,0.35,8.39,0.35,8.39,149
0.08,-0.55,-0.01,0.01,0.00,0.01,0.00,0.36,8.39,0.36,8.39,147
-1.22,-0.35,0.00,0.00,0.00,0.00,0.00,0.36,8.39,0.36,8.39,152
2.59,1.18,0.12,0.00,0.12,0.00,0.12,0.36,8.50,0.36,8.50,145
2.15,1.54,0.09,0.00,0.09,0.00,0.09,0.36,8.60,0.36,8.60,146
5.00,3.46,0.23,0.00,0.23,0.00,0.23,0.36,8.82,0.36,8.82,149
1.36,-4.15,-0.18,0.18,0.00,0.18,0.00,0.54,8.82,0.54,8.82,148
2.44,0.25,0.00,0.00,0.00,0.00,0.00,0.54,8.83,0.54,8.83,153
-0.84,1.16,0.08,0.00,0.08,0.00,0.08,0.54,8.91,0.54,8.91,144
-1.69,-3.51,-0.16,0.16,0.00,0.16,0.00,0.71,8.91,0.71,8.91,146
-0.66,0.92,0.08,0.00,0.08,0.00,0.08,0.71,8.99,0.71,8.99,147
2.58,1.57,0.12,0.00,0.12,0.00,0.12,0.71,9.10,0.71,9.10,151
1.85,-0.83,-0.08,0.08,0.00,0.08,0.00,0.79,9.10,0.79,9.10,152
1.11,-2.16,-0.08,0.08,0.00,0.08,0.00,0.87,9.10,0.87,9.10,153
1.21,0.32,0.00,0.00,0.00,0.00,0.00,0.87,9.10,0.87,9.10,146
-0.49,-0.62,-0.02,0.02,0.00,0.02,0.00,0.89,9.10,0.89,9.10,146
-1.73,-2.79,-0.12,0.12,0.00,0.12,0.00,0.01,8.10,0.01,8.10,147
0.25,0.14,0.00,0.00,0.00,0.00,0.00,0.01,8.10,0.01,8.10,150
-1.28,-1.84,-0.08,0.08,0.00,0.08,0.00,0.09,8.10,0.09,8.10,151
1.66,0.53,0.01,0.00,0.01,0.00,0.01,0.09,8.11,0.09,8.11,150
3.15,1.66,0.15,0.00,0.15,0.00,0.15,0.09,8.26,0.09,8.26,160
3.66,-1.97,-0.01,0.01,0.00,0.01,0.00,0.10,8.26,0.10,8.26,147
3.71,-0.87,-0.00,0.00,0.00,0.00,0.00,0.10,8.26,0.10,8.26,153
1.78,-0.01,0.00,0.00,0.00,0.00,0.00,0.10,8.26,0.10,8.26,152
-0.31,-0.14,0.00,0.00,0.00,0.00,0.00,0.10,8.26,0.10,8.26,145
-2.19,-0.70,-0.04,0.04,0.00,0.04,0.00,0.14,8.26,0.14,8.26,150
2.29,3.41,0.10,0.00,0.10,0.00,0.10,0.14,8.36,0.14,8.36,143
1.35,2.05,0.08,0.00,0.08,0.00,0.08,0.14,8.44,0.14,8.44,151
3.17,3.01,0.15,0.00,0.15,0.00,0.15,0.14,8.60,0.14,8.60,150
3.95,0.26,0.03,0.00,0.03,0.00,0.03,0.14,8.63,0.14,8.63,147
0.69,0.41,0.00,0.00,0.00,0.00,0.00,0.14,8.63,0.14,8.63,146
1.50,0.75,0.05,0.00,0.05,0.00,0.05,0.14,8.68,0.14,8.68,155
-0.64,-3.05,-0.14,0.14,0.00,0.14,0.00,0.28,8.68,0.28,8.68,147
-3.90,-3.07,-0.21,0.21,0.00,0.21,0.00,0.48,8.68,0.48,8.68,147
2.37,2.55,0.09,0.00,0.09,0.00,0.09,0.48,8.77,0.48,8.77,154
1.19,-1.45,-0.08,0.08,0.00,0.08,0.00,0.56,8.77,0.56,8.77,150
2.05,1.99,0.08,0.00,0.08,0.00,0.08,0.56,8.86,0.56,8.86,148
3.29,1.28,0.15,0.00,0.15,0.00,0.15,0.56,9.01,0.56,9.01,160
2.91,1.27,0.14,0.00,0.14,0.00,0.14,0.56,9.15,0.56,9.15,147
2.28,-1.81,-0.06,0.06,0.00,0.06,0.00,0.62,9.15,0.62,9.15,157
-0.20,0.61,0.02,0.00,0.02,0.00,0.02,0.62,9.17,0.62,9.17,148
-1.12,-1.98,-0.08,0.08,0.00,0.08,0.00,0.70,9.17,0.70,9.17,146
-0.39,0.87,0.08,0.00,0.08,0.00,0.08,0.70,9.25,0.70,9.25,146
2.55,2.11,0.12,0.00,0.12,0.00,0.12,0.70,9.36,0.70,9.36,151
4.11,2.44,0.20,0.00,0.20,0.00,0.20,0.70,9.56,0.70,9.56,148
2.40,-0.87,-0.06,0.06,0.00,0.06,0.00,0.77,9.56,0.77,9.56,151
0.08,0.09,0.00,0.00,0.00,0.00,0.00,0.77,9.56,0.77,9.56,156
-0.48,0.09,0.00,0.00,0.00,0.00,0.00,0.77,9.56,0.77,9.56,147
-0.33,1.52,0.08,0.00,0.08,0.00,0.08,0.77,9.64,0.77,9.64,146
1.04,2.54,0.09,0.00,0.09,0.00,0.09,0.77,9.73,0.77,9.73,146
1.44,2.97,0.14,0.00,0.14,0.00,0.14,0.77,9.87,0.77,9.87,155
5.63,-0.41,0.08,0.00,0.08,0.00,0.08,0.77,9.95,0.77,9.95,148
5.24,0.10,0.08,0.00,0.08,0.00,0.08,0.77,10.03,0.77,10.03,150
3.31,0.94,0.16,0.00,0.16,0.00,0.16,0.77,10.18,0.77,10.18,149
-0.19,-2.59,-0.10,0.10,0.00,0.10,0.00,0.87,10.18,0.87,10.18,148
-1.41,-3.20,-0.15,0.15,0.00,0.15,0.00,0.02,9.18,0.02,9.18,154
-1.45,0.18,0.00,0.00,0.00,0.00,0.00,0.02,9.18,0.02,9.18,149
-4.28,-2.22,-0.19,0.19,0.00,0.19,0.00,0.21,9.18,0.21,9.18,160
-1.06,-0.95,-0.08,0.08,0.00,0.08,0.00,0.29,9.18,0.29,9.18,142
2.54,1.88,0.12,0.00,0.12,0.00,0.12,0.29,9.30,0.29,9.30,146
4.51,-0.53,0.02,0.00,0.02,0.00,0.02,0.29,9.32,0.29,9.32,148
4.23,0.01,0.04,0.00,0.04,0.00,0.04,0.29,9.36,0.29,9.36,153
-1.30,-1.27,-0.08,0.08,0.00,0.08,0.00,0.37,9.36,0.37,9.36,155
-2.00,-0.43,-0.00,0.00,0.00,0.00,0.00,0.37,9.36,0.37,9.36,146
1.35,3.44,0.16,0.00,0.16,0.00,0.16,0.37,9.52,0.37,9.52,154
1.40,-0.01,0.00,0.00,0.00,0.00,0.00,0.37,9.52,0.37,9.52,140
3.10,-1.09,-0.03,0.03,0.00,0.03,0.00,0.40,9.52,0.40,9.52,147
5.69,3.30,0.23,0.00,0.23,0.00,0.23,0.40,9.75,0.40,9.75,157
5.06,1.31,0.16,0.00,0.16,0.00,0.16,0.40,9.91,0.40,9.91,152
0.72,-2.10,-0.08,0.08,0.00,0.08,0.00,0.48,9.91,0.48,9.91,148
-3.31,-2.89,-0.17,0.17,0.00,0.17,0.00,0.65,9.91,0.65,9.91,147
-0.27,0.52,0.01,0.00,0.01,0.00,0.01,0.65,9.92,0.65,9.92,146
1.10,-0.21,0.00,0.00,0.00,0.00,0.00,0.65,9.92,0.65,9.92,145
3.17,0.82,0.15,0.00,0.15,0.00,0.15,0.65,10.07,0.65,10.07,156
4.38,0.28,0.05,0.00,0.05,0.00,0.05,0.65,10.12,0.65,10.12,149
6.52,1.54,0.17,0.00,0.17,0.00,0.17,0.65,10.29,0.65,10.29,151
4.13,-0.83,0.00,0.00,0.00,0.00,0.00,0.65,10.29,0.65,10.29,146
-0.40,0.62,0.02,0.00,0.02,0.00,0.02,0.65,10.31,0.65,10.31,150
-0.45,0.94,0.08,0.00,0.08,0.00,0.08,0.65,10.39,0.65,10.39,142
-3.11,-1.78,-0.12,0.12,0.00,0.12,0.00,0.77,10.39,0.77,10.39,151
3.03,2.83,0.14,0.00,0.14,0.00,0.14,0.77,10.53,0.77,10.53,150
-2.89,-3.79,-0.18,0.18,0.00,0.18,0.00,0.96,10.53,0.96,10.53,150
5.03,1.84,0.17,0.00,0.17,0.00,0.17,0.96,10.70,0.96,10.70,156
1.22,-3.98,-0.18,0.18,0.00,0.18,0.00,0.13,9.70,0.13,9.70,149
1.48,0.17,0.00,0.00,0.00,0.00,0.00,0.13,9.70,0.13,9.70,149
-1.56,1.50,0.08,0.00,0.08,0.00,0.08,0.13,9.78,0.13,9.78,154
-1.90,2.20,0.08,0.00,0.08,0.00,0.08,0.13,9.86,0.13,9.86,150
-3.75,-2.53,-0.20,0.20,0.00,0.20,0.00,0.33,9.86,0.33,9.86,142
2.26,3.19,0.10,0.00,0.10,0.00,0.10,0.33,9.96,0.33,9.96,150
3.88,0.77,0.14,0.00,0.14,0.00,0.14,0.33,10.10,0.33,10.10,148
5.15,3.28,0.23,0.00,0.23,0.00,0.23,0.33,10.33,0.33,10.33,152
3.72,-3.27,-0.10,0.10,0.00,0.10,0.00,0.43,10.33,0.43,10.33,144
0.28,-4.26,-0.18,0.18,0.00,0.18,0.00,0.61,10.33,0.61,10.33,153
0.57,0.22,0.00,0.00,0.00,0.00,0.00,0.61,10.33,0.61,10.33,149
-2.39,-0.44,-0.00,0.00,0.00,0.00,0.00,0.61,10.33,0.61,10.33,148
1.83,1.50,0.08,0.00,0.08,0.00,0.08,0.61,10.41,0.61,10.41,148
4.38,3.79,0.22,0.00,0.22,0.00,0.22,0.61,10.63,0.61,10.63,147
4.09,2.88,0.21,0.00,0.21,0.00,0.21,0.61,10.84,0.61,10.84,153
3.84,1.42,0.16,0.00,0.16,0.00,0.16,0.61,11.00,0.61,11.00,152
0.84,-1.55,-0.08,0.08,0.00,0.08,0.00,0.69,11.00,0.69,11.00,157
-1.72,-0.26,0.00,0.00,0.00,0.00,0.00,0.69,11.00,0.69,11.00,146
-1.35,0.79,0.07,0.00,0.07,0.00,0.07,0.69,11.07,0.69,11.07,142
-0.75,-1.38,-0.08,0.08,0.00,0.08,0.00,0.77,11.07,0.77,11.07,147
-1.94,-3.85,-0.17,0.17,0.00,0.17,0.00,0.95,11.07,0.95,11.07,149
-1.36,-2.28,-0.08,0.08,0.00,0.08,0.00,0.03,10.07,0.03,10.07,157
0.28,-1.22,-0.08,0.08,0.00,0.08,0.00,0.11,10.07,0.11,10.07,146
4.22,2.16,0.19,0.00,0.19,0.00,0.19,0.11,10.26,0.11,10.26,141
2.29,1.63,0.10,0.00,0.10,0.00,0.10,0.11,10.37,0.11,10.37,149
1.12,0.63,0.02,0.00,0.02,0.00,0.02,0.11,10.39,0.11,10.39,143
0.02,-0.78,-0.07,0.07,0.00,0.07,0.00,0.18,10.39,0.18,10.39,149
-1.38,-2.93,-0.13,0.13,0.00,0.13,0.00,0.31,10.39,0.31,10.39,155
1.49,0.80,0.08,0.00,0.08,0.00,0.08,0.31,10.47,0.31,10.47,146
1.81,1.03,0.08,0.00,0.08,0.00,0.08,0.31,10.55,0.31,10.55,145
3.29,1.47,0.16,0.00,0.16,0.00,0.16,0.31,10.70,0.31,10.70,150
-0.05,-0.57,-0.01,0.01,0.00,0.01,0.00,0.32,10.70,0.32,10.70,152
3.12,1.28,0.15,0.00,0.15,0.00,0.15,0.32,10.85,0.32,10.85,146
2.05,0.65,0.03,0.00,0.03,0.00,0.03,0.32,10.87,0.32,10.87,149
-0.09,1.17,0.08,0.00,0.08,0.00,0.08,0.32,10.95,0.32,10.95,143
0.11,-2.14,-0.08,0.08,0.00,0.08,0.00,0.40,10.95,0.40,10.95,153
-2.07,-1.74,-0.08,0.08,0.00,0.08,0.00,0.48,10.95,0.48,10.95,147
0.34,1.22,0.08,0.00,0.08,0.00,0.08,0.48,11.03,0.48,11.03,150
0.60,-0.51,-0.01,0.01,0.00,0.01,0.00,0.49,11.03,0.49,11.03,148
4.07,2.53,0.21,0.00,0.21,0.00,0.21,0.49,11.24,0.49,11.24,146
1.09,-1.18,-0.08,0.08,0.00,0.08,0.00,0.57,11.24,0.57,11.24,156
1.29,-1.19,-0.08,0.08,0.00,0.08,0.00,0.65,11.24,0.65,11.24,144
1.89,1.11,0.08,0.00,0.08,0.00,0.08,0.65,11.32,0.65,11.32,148
-1.23,-1.46,-0.08,0.08,0.00,0.08,0.00,0.73,11.32,0.73,11.32,147
2.07,5.05,0.20,0.00,0.20,0.00,0.20,0.73,11.52,0.73,11.52,151
0.14,0.47,0.00,0.00,0.00,0.00,0.00,0.73,11.53,0.73,11.53,152
4.43,0.50,0.08,0.00,0.08,0.00,0.08,0.73,11.61,0.73,11.61,143
2.60,-1.67,-0.04,0.04,0.00,0.04,0.00,0.77,11.61,0.77,11.61,146
2.60,0.73,0.08,0.00,0.08,0.00,0.08,0.77,11.69,0.77,11.69,157
-0.24,-3.29,-0.15,0.15,0.00,0.15,0.00,0.93,11.69,0.93,11.69,145
-1.06,-0.80,-0.08,0.08,0.00,0.08,0.00,0.00,10.69,0.00,10.69,151
-1.68,-0.60,-0.02,0.02,0.00,0.02,0.00,0.02,10.69,0.02,10.69,145
2.03,0.02,0.00,0.00,0.00,0.00,0.00,0.02,10.69,0.02,10.69,150
2.10,2.29,0.09,0.00,0.09,0.00,0.09,0.02,10.78,0.02,10.78,155
3.37,2.24,0.17,0.00,0.17,0.00,0.17,0.02,10.95,0.02,10.95,150
1.32,-1.52,-0.08,0.08,0.00,0.08,0.00,0.10,10.95,0.10,10.95,145
-0.53,-0.67,-0.03,0.03,0.00,0.03,0.00,0.13,10.95,0.13,10.95,151
1.04,0.67,0.03,0.00,0.03,0.00,0.03,0.13,10.98,0.13,10.98,146
0.06,2.92,0.13,0.00,0.13,0.00,0.13,0.13,11.11,0.13,11.11,149
1.44,3.94,0.17,0.00,0.17,0.00,0.17,0.13,11.29,0.13,11.29,147
0.35,0.00,0.00,0.00,0.00,0.00,0.00,0.13,11.29,0.13,11.29,148
0.40,-2.38,-0.08,0.08,0.00,0.08,0.00,0.21,11.29,0.21,11.29,162
3.44,0.30,0.02,0.00,0.02,0.00,0.02,0.21,11.30,0.21,11.30,141
1.87,-0.80,-0.08,0.08,0.00,0.08,0.00,0.28,11.30,0.28,11.30,146
2.04,2.18,0.08,0.00,0.08,0.00,0.08,0.28,11.39,0.28,11.39,146
-0.36,-0.03,0.00,0.00,0.00,0.00,0.00,0.28,11.39,0.28,11.39,149
-1.63,-0.71,-0.04,0.04,0.00,0.04,0.00,0.32,11.39,0.32,11.39,149
0.13,2.56,0.10,0.00,0.10,0.00,0.10,0.32,11.48,0.32,11.48,144
1.11,0.15,0.00,0.00,0.00,0.00,0.00,0.32,11.48,0.32,11.48,146
3.84,0.35,0.03,0.00,0.03,0.00,0.03,0.32,11.51,0.32,11.51,151
6.03,2.94,0.23,0.00,0.23,0.00,0.23,0.32,11.74,0.32,11.74,150
2.90,-0.06,0.01,0.00,0.01,0.00,0.01,0.32,11.75,0.32,11.75,154
3.30,2.44,0.16,0.00,0.16,0.00,0.16,0.32,11.91,0.32,11.91,142
-0.54,-1.65,-0.08,0.08,0.00,0.08,0.00,0.40,11.91,0.40,11.91,145
-1.99,0.32,0.00,0.00,0.00,0.00,0.00,0.40,11.91,0.40,11.91,153
-0.92,0.44,0.00,0.00,0.00,0.00,0.00,0.40,11.91,0.40,11.91,152
2.64,2.91,0.12,0.00,0.12,0.00,0.12,0.40,12.03,0.40,12.03,154
1.71,-2.24,-0.08,0.08,0.00,0.08,0.00,0.48,12.03,0.48,12.03,154
5.54,2.19,0.19,0.00,0.19,0.00,0.19,0.48,12.22,0.48,12.22,155
1.81,-1.36,-0.08,0.08,0.00,0.08,0.00,0.56,12.22,0.56,12.22,152
-1.45,-3.83,-0.17,0.17,0.00,0.17,0.00,0.73,12.22,0.73,12.22,151
0.18,1.77,0.08,0.00,0.08,0.00,0.08,0.73,12.30,0.73,12.30,140
-1.82,-1.30,-0.08,0.08,0.00,0.08,0.00,0.81,12.30,0.81,12.30,147
2.17,3.02,0.09,0.00,0.09,0.00,0.09,0.81,12.40,0.81,12.40,152
5.79,2.61,0.23,0.00,0.23,0.00,0.23,0.81,12.63,0.81,12.63,145
9.52,4.25,0.25,0.00,0.25,0.00,0.25,0.81,12.88,0.81,12.88,156
6.99,1.09,0.18,0.00,0.18,0.00,0.18,0.81,13.06,0.81,13.06,151
2.54,-3.17,-0.13,0.13,0.00,0.13,0.00,0.94,13.06,0.94,13.06,157
-2.71,-2.31,-0.08,0.08,0.00,0.08,0.00,0.02,12.06,0.02,12.06,152
-5.97,-5.30,-0.28,0.28,0.00,0.28,0.00,0.31,12.06,0.31,12.06,144
-2.45,-0.10,0.00,0.00,0.00,0.00,0.00,0.31,12.06,0.31,12.06,148
1.38,3.59,0.16,0.00,0.16,0.00,0.16,0.31,12.22,0.31,12.22,152
6.67,4.00,0.24,0.00,0.24,0.00,0.24,0.31,12.46,0.31,12.46,153
7.14,2.62,0.23,0.00,0.23,0.00,0.23,0.31,12.69,0.31,12.69,158
4.53,-3.36,-0.09,0.09,0.00,0.09,0.00,0.39,12.69,0.39,12.69,151
1.98,-1.65,-0.08,0.08,0.00,0.08,0.00,0.47,12.69,0.47,12.69,142
-1.16,-3.44,-0.16,0.16,0.00,0.16,0.00,0.63,12.69,0.63,12.69,144
-6.10,-7.15,0.00,0.00,0.00,0.00,0.00,0.63,12.69,0.63,12.69,145
-4.07,-1.07,-0.08,0.08,0.00,0.08,0.00,0.71,12.69,0.71,12.69,149
-2.07,0.04,0.00,0.00,0.00,0.00,0.00,0.71,12.69,0.71,12.69,147
2.89,0.73,0.09,0.00,0.09,0.00,0.09,0.71,12.78,0.71,12.78,150
9.08,3.60,0.23,0.00,0.23,0.00,0.23,0.71,13.01,0.71,13.01,151
9.25,0.28,0.08,0.00,0.08,0.00,0.08,0.71,13.09,0.71,13.09,157
4.38,0.26,0.05,0.00,0.05,0.00,0.05,0.71,13.14,0.71,13.14,152
-2.92,-6.11,0.00,0.00,0.00,0.00,0.00,0.71,13.14,0.71,13.14,157
-4.55,-3.07,-0.22,0.22,0.00,0.22,0.00,0.93,13.14,0.93,13.14,153
-3.43,3.41,0.18,0.00,0.18,0.00,0.18,0.93,13.32,0.93,13.32,148
-2.25,0.22,0.00,0.00,0.00,0.00,0.00,0.93,13.32,0.93,13.32,141
3.45,0.83,0.16,0.00,0.16,0.00,0.16,0.93,13.49,0.93,13.49,141
6.96,1.26,0.17,0.00,0.17,0.00,0.17,0.93,13.66,0.93,13.66,149
6.88,-3.77,-0.07,0.07,0.00,0.07,0.00,0.00,12.66,0.00,12.66,158
3.51,-3.63,-0.12,0.12,0.00,0.12,0.00,0.12,12.66,0.12,12.66,143
0.70,0.93,0.08,0.00,0.08,0.00,0.08,0.12,12.74,0.12,12.74,151
-3.45,-1.00,-0.08,0.08,0.00,0.08,0.00,0.20,12.74,0.20,12.74,144
-4.79,-4.01,-0.24,0.24,0.00,0.24,0.00,0.44,12.74,0.44,12.74,151
-0.37,0.78,0.07,0.00,0.07,0.00,0.07,0.44,12.81,0.44,12.81,146
2.84,1.35,0.13,0.00,0.13,0.00,0.13,0.44,12.94,0.44,12.94,153
6.82,2.17,0.19,0.00,0.19,0.00,0.19,0.44,13.13,0.44,13.13,150
7.82,0.40,0.08,0.00,0.08,0.00,0.08,0.44,13.21,0.44,13.21,157
5.91,1.43,0.17,0.00,0.17,0.00,0.17,0.44,13.38,0.44,13.38,154
-0.74,-0.65,-0.02,0.02,0.00,0.02,0.00,0.46,13.38,0.46,13.38,145
-3.32,-2.74,-0.17,0.17,0.00,0.17,0.00,0.63,13.38,0.63,13.38,152
-3.53,0.79,0.02,0.00,0.02,0.00,0.02,0.63,13.40,0.63,13.40,149
-0.02,2.30,0.08,0.00,0.08,0.00,0.08,0.63,13.48,0.63,13.48,148
3.87,2.00,0.18,0.00,0.18,0.00,0.18,0.63,13.66,0.63,13.66,149
9.18,2.24,0.20,0.00,0.20,0.00,0.20,0.63,13.85,0.63,13.85,150
8.06,1.05,0.18,0.00,0.18,0.00,0.18,0.63,14.03,0.63,14.03,153
3.04,-2.34,-0.03,0.03,0.00,0.03,0.00,0.65,14.03,0.65,14.03,153
-0.87,-3.48,-0.16,0.16,0.00,0.16,0.00,0.82,14.03,0.82,14.03,148
-4.58,-1.71,-0.15,0.15,0.00,0.15,0.00,0.97,14.03,0.97,14.03,146
0.04,1.20,0.08,0.00,0.08,0.00,0.08,0.97,14.11,0.97,14.11,150
0.62,4.13,0.18,0.00,0.18,0.00,0.18,0.97,14.29,0.97,14.29,150
3.25,-1.07,-0.02,0.02,0.00,0.02,0.00,0.99,14.29,0.99,14.29,152
6.75,0.33,0.08,0.00,0.08,0.00,0.08,0.99,14.37,0.99,14.37,150
3.37,-5.14,-0.13,0.13,0.00,0.13,0.00,0.11,13.37,0.11,13.37,152
3.76,2.85,0.20,0.00,0.20,0.00,0.20,0.11,13.57,0.11,13.57,145
-0.88,0.52,0.01,0.00,0.01,0.00,0.01,0.11,13.58,0.11,13.58,148
-2.36,0.16,0.00,0.00,0.00,0.00,0.00,0.11,13.58,0.11,13.58,141
-2.16,-0.32,0.00,0.00,0.00,0.00,0.00,0.11,13.58,0.11,13.58,145
1.97,3.08,0.15,0.00,0.15,0.00,0.15,0.11,13.73,0.11,13.73,148
3.58,0.21,0.02,0.00,0.02,0.00,0.02,0.11,13.75,0.11,13.75,150
4.05,-0.26,0.04,0.00,0.04,0.00,0.04,0.11,13.78,0.11,13.78,148
3.67,1.71,0.17,0.00,0.17,0.00,0.17,0.11,13.96,0.11,13.96,151
0.86,-0.08,0.00,0.00,0.00,0.00,0.00,0.11,13.96,0.11,13.96,147
-2.14,-1.87,-0.08,0.08,0.00,0.08,0.00,0.19,13.96,0.19,13.96,152
0.62,-0.23,0.00,0.00,0.00,0.00,0.00,0.19,13.96,0.19,13.96,153
1.49,1.09,0.08,0.00,0.08,0.00,0.08,0.19,14.04,0.19,14.04,142
1.17,-1.13,-0.08,0.08,0.00,0.08,0.00,0.27,14.04,0.27,14.04,150
2.26,-1.27,-0.07,0.07,0.00,0.07,0.00,0.35,14.04,0.35,14.04,151
1.04,-0.29,0.00,0.00,0.00,0.00,0.00,0.35,14.04,0.35,14.04,156
3.08,-1.19,-0.03,0.03,0.00,0.03,0.00,0.38,14.04,0.38,14.04,144
1.28,-2.45,-0.08,0.08,0.00,0.08,0.00,0.46,14.04,0.46,14.04,146
3.09,-0.23,0.01,0.00,0.01,0.00,0.01,0.46,14.05,0.46,14.05,140
2.32,3.25,0.10,0.00,0.10,0.00,0.10,0.46,14.15,0.46,14.15,151
-0.47,-1.82,-0.08,0.08,0.00,0.08,0.00,0.54,14.15,0.54,14.15,145
2.83,-1.12,-0.05,0.05,0.00,0.05,0.00,0.59,14.15,0.59,14.15,146
2.58,-1.01,-0.06,0.06,0.00,0.06,0.00,0.65,14.15,0.65,14.15,154
2.47,0.76,0.09,0.00,0.09,0.00,0.09,0.65,14.24,0.65,14.24,151
0.03,-1.74,-0.08,0.08,0.00,0.08,0.00,0.73,14.24,0.73,14.24,142
0.60,0.28,0.00,0.00,0.00,0.00,0.00,0.73,14.24,0.73,14.24,143
-0.07,-0.27,0.00,0.00,0.00,0.00,0.00,0.73,14.24,0.73,14.24,149
-0.16,0.21,0.00,0.00,0.00,0.00,0.00,0.73,14.24,0.73,14.24,154
1.13,-1.35,-0.08,0.08,0.00,0.08,0.00,0.81,14.24,0.81,14.24,153
1.97,2.00,0.08,0.00,0.08,0.00,0.08,0.81,14.32,0.81,14.32,144
3.07,2.00,0.14,0.00,0.14,0.00,0.14,0.81,14.46,0.81,14.46,142
1.90,2.01,0.08,0.00,0.08,0.00,0.08,0.81,14.54,0.81,14.54,145
-0.54,-0.06,0.00,0.00,0.00,0.00,0.00,0.81,14.54,0.81,14.54,148
0.07,1.77,0.08,0.00,0.08,0.00,0.08,0.81,14.62,0.81,14.62,150
0.92,0.53,0.01,0.00,0.01,0.00,0.01,0.81,14.63,0.81,14.63,144
2.78,-0.39,0.01,0.00,0.01,0.00,0.01,0.81,14.63,0.81,14.63,146
3.39,0.86,0.16,0.00,0.16,0.00,0.16,0.81,14.79,0.81,14.79,146
4.05,-0.60,0.01,0.00,0.01,0.00,0.01,0.81,14.80,0.81,14.80,144
2.44,-2.95,-0.12,0.12,0.00,0.12,0.00,0.93,14.80,0.93,14.80,147
3.11,4.10,0.18,0.00,0.18,0.00,0.18,0.93,14.98,0.93,14.98,144
-0.96,-1.25,-0.08,0.08,0.00,0.08,0.00,0.01,13.98,0.01,13.98,156
1.17,0.41,0.00,0.00,0.00,0.00,0.00,0.01,13.98,0.01,13.98,149
2.56,2.94,0.12,0.00,0.12,0.00,0.12,0.01,14.10,0.01,14.10,144
3.64,2.60,0.19,0.00,0.19,0.00,0.19,0.01,14.29,0.01,14.29,151
3.41,1.00,0.16,0.00,0.16,0.00,0.16,0.01,14.45,0.01,14.45,144
-0.89,-1.28,-0.08,0.08,0.00,0.08,0.00,0.09,14.45,0.09,14.45,150
0.32,-0.57,-0.01,0.01,0.00,0.01,0.00,0.10,14.45,0.10,14.45,146
-2.40,-1.42,-0.08,0.08,0.00,0.08,0.00,0.18,14.45,0.18,14.45,142
-0.29,0.76,0.06,0.00,0.06,0.00,0.06,0.18,14.51,0.18,14.51,147
0.87,0.30,0.00,0.00,0.00,0.00,0.00,0.18,14.51,0.18,14.51,147
3.85,-0.68,-0.00,0.00,0.00,0.00,0.00,0.18,14.51,0.18,14.51,148
1.91,-1.69,-0.08,0.08,0.00,0.08,0.00,0.26,14.51,0.26,14.51,154
0.47,-2.64,-0.10,0.10,0.00,0.10,0.00,0.37,14.51,0.37,14.51,148
1.93,0.90,0.08,0.00,0.08,0.00,0.08,0.37,14.59,0.37,14.59,147
2.10,-0.23,0.00,0.00,0.00,0.00,0.00,0.37,14.59,0.37,14.59,150
1.82,1.77,0.08,0.00,0.08,0.00,0.08,0.37,14.67,0.37,14.67,150
1.45,2.13,0.08,0.00,0.08,0.00,0.08,0.37,14.75,0.37,14.75,143
3.16,1.49,0.15,0.00,0.15,0.00,0.15,0.37,14.90,0.37,14.90,151
1.93,-1.80,-0.08,0.08,0.00,0.08,0.00,0.45,14.90,0.45,14.90,147
2.14,-1.43,-0.07,0.07,0.00,0.07,0.00,0.52,14.90,0.52,14.90,149
1.37,1.20,0.08,0.00,0.08,0.00,0.08,0.52,14.98,0.52,14.98,149
3.45,0.33,0.02,0.00,0.02,0.00,0.02,0.52,14.99,0.52,14.99,145
3.10,3.20,0.17,0.00,0.17,0.00,0.17,0.52,15.16,0.52,15.16,146
2.44,-1.12,-0.06,0.06,0.00,0.06,0.00,0.58,15.16,0.58,15.16,147
3.79,1.44,0.16,0.00,0.16,0.00,0.16,0.58,15.33,0.58,15.33,149
2.17,-1.01,-0.07,0.07,0.00,0.07,0.00,0.66,15.33,0.66,15.33,150
2.13,-2.23,-0.07,0.07,0.00,0.07,0.00,0.73,15.33,0.73,15.33,154
2.15,-0.57,-0.01,0.01,0.00,0.01,0.00,0.74,15.33,0.74,15.33,151
-0.37,-2.71,-0.11,0.11,0.00,0.11,0.00,0.85,15.33,0.85,15.33,146
-0.94,-1.68,-0.08,0.08,0.00,0.08,0.00,0.93,15.33,0.93,15.33,157
1.66,1.74,0.08,0.00,0.08,0.00,0.08,0.93,15.41,0.93,15.41,147
4.07,1.24,0.16,0.00,0.16,0.00,0.16,0.93,15.57,0.93,15.57,145
3.19,-0.34,0.01,0.00,0.01,0.00,0.01,0.93,15.57,0.93,15.57,145
1.78,-1.01,-0.08,0.08,0.00,0.08,0.00,0.01,14.57,0.01,14.57,155
1.85,-1.65,-0.08,0.08,0.00,0.08,0.00,0.09,14.57,0.09,14.57,154
1.42,-1.18,-0.08,0.08,0.00,0.08,0.00,0.17,14.57,0.17,14.57,156
3.51,2.62,0.19,0.00,0.19,0.00,0.19,0.17,14.76,0.17,14.76,148
3.42,2.94,0.18,0.00,0.18,0.00,0.18,0.17,14.94,0.17,14.94,150
4.41,-1.32,0.00,0.00,0.00,0.00,0.00,0.17,14.94,0.17,14.94,148
3.92,0.25,0.03,0.00,0.03,0.00,0.03,0.17,14.98,0.17,14.98,148
4.46,-0.78,0.01,0.00,0.01,0.00,0.01,0.17,14.98,0.17,14.98,146
1.01,-0.91,-0.08,0.08,0.00,0.08,0.00,0.25,14.98,0.25,14.98,143
2.16,-0.06,0.00,0.00,0.00,0.00,0.00,0.25,14.98,0.25,14.98,145
3.20,-0.70,-0.02,0.02,0.00,0.02,0.00,0.27,14.98,0.27,14.98,147
3.90,0.60,0.08,0.00,0.08,0.00,0.08,0.27,15.07,0.27,15.07,149
2.31,0.97,0.10,0.00,0.10,0.00,0.10,0.27,15.17,0.27,15.17,146
3.26,1.35,0.15,0.00,0.15,0.00,0.15,0.27,15.32,0.27,15.32,150
0.07,-0.25,0.00,0.00,0.00,0.00,0.00,0.27,15.32,0.27,15.32,155
4.78,4.56,0.26,0.00,0.26,0.00,0.26,0.27,15.58,0.27,15.58,148
5.31,2.47,0.21,0.00,0.21,0.00,0.21,0.27,15.79,0.27,15.79,149
2.89,-1.40,-0.05,0.05,0.00,0.05,0.00,0.32,15.79,0.32,15.79,157
1.74,-0.91,-0.08,0.08,0.00,0.08,0.00,0.40,15.79,0.40,15.79,151
1.98,1.11,0.08,0.00,0.08,0.00,0.08,0.40,15.87,0.40,15.87,152
0.20,-2.37,-0.08,0.08,0.00,0.08,0.00,0.48,15.87,0.48,15.87,151
-1.03,-2.13,-0.08,0.08,0.00,0.08,0.00,0.56,15.87,0.56,15.87,141
1.27,-1.50,-0.08,0.08,0.00,0.08,0.00,0.64,15.87,0.64,15.87,147
0.49,-2.46,-0.08,0.08,0.00,0.08,0.00,0.72,15.87,0.72,15.87,156
2.10,-0.36,0.00,0.00,0.00,0.00,0.00,0.72,15.87,0.72,15.87,150
2.17,-0.23,0.00,0.00,0.00,0.00,0.00,0.72,15.87,0.72,15.87,148
2.57,-0.24,0.00,0.00,0.00,0.00,0.00,0.72,15.87,0.72,15.87,148
3.84,0.30,0.03,0.00,0.03,0.00,0.03,0.72,15.90,0.72,15.90,151
6.05,0.88,0.18,0.00,0.18,0.00,0.18,0.72,16.08,0.72,16.08,146
1.79,-1.61,-0.08,0.08,0.00,0.08,0.00,0.80,16.08,0.80,16.08,145
1.57,-2.19,-0.08,0.08,0.00,0.08,0.00,0.88,16.08,0.88,16.08,143
0.11,-0.97,-0.08,0.08,0.00,0.08,0.00,0.96,16.08,0.96,16.08,150
-0.93,-2.23,-0.08,0.08,0.00,0.08,0.00,0.04,15.08,0.04,15.08,143
1.33,-0.68,-0.03,0.03,0.00,0.03,0.00,0.07,15.08,0.07,15.08,152
2.67,-1.98,-0.04,0.04,0.00,0.04,0.00,0.11,15.08,0.11,15.08,152
4.88,0.76,0.17,0.00,0.17,0.00,0.17,0.11,15.25,0.11,15.25,146
3.18,-0.02,0.01,0.00,0.01,0.00,0.01,0.11,15.26,0.11,15.26,148
3.53,1.21,0.17,0.00,0.17,0.00,0.17,0.11,15.43,0.11,15.43,148
0.11,0.33,0.00,0.00,0.00,0.00,0.00,0.11,15.43,0.11,15.43,147
0.19,-0.39,0.00,0.00,0.00,0.00,0.00,0.11,15.43,0.11,15.43,152
1.15,0.44,0.00,0.00,0.00,0.00,0.00,0.11,15.43,0.11,15.43,146
1.93,-0.83,-0.08,0.08,0.00,0.08,0.00,0.19,15.43,0.19,15.43,147
3.16,-1.63,-0.02,0.02,0.00,0.02,0.00,0.21,15.43,0.21,15.43,157
3.31,0.54,0.05,0.00,0.05,0.00,0.05,0.21,15.48,0.21,15.48,148
2.69,-0.64,-0.01,0.01,0.00,0.01,0.00,0.22,15.48,0.22,15.48,152
2.42,0.63,0.04,0.00,0.04,0.00,0.04,0.22,15.52,0.22,15.52,148
1.78,2.08,0.08,0.00,0.08,0.00,0.08,0.22,15.60,0.22,15.60,144
1.56,0.48,0.01,0.00,0.01,0.00,0.01,0.22,15.61,0.22,15.61,155
-0.50,-1.93,-0.08,0.08,0.00,0.08,0.00,0.30,15.61,0.30,15.61,152
0.36,-0.62,-0.02,0.02,0.00,0.02,0.00,0.32,15.61,0.32,15.61,149
1.98,-0.25,0.00,0.00,0.00,0.00,0.00,0.32,15.61,0.32,15.61,150
1.21,-1.43,-0.08,0.08,0.00,0.08,0.00,0.40,15.61,0.40,15.61,150
3.04,-3.06,-0.11,0.11,0.00,0.11,0.00,0.51,15.61,0.51,15.61,143
-0.07,-3.02,-0.14,0.14,0.00,0.14,0.00,0.65,15.61,0.65,15.61,148
-1.52,-4.56,-0.19,0.19,0.00,0.19,0.00,0.83,15.61,0.83,15.61,153
-0.83,3.07,0.14,0.00,0.14,0.00,0.14,0.83,15.75,0.83,15.75,152
